-0.0619295090437
-0.0449303686619
-0.075918212533
-0.0727337896824
-0.0328929051757
-0.0661113113165
0.00943482387811
-0.0255068149418
-0.125271767378
-0.0243234522641
-0.00740120466799
-0.0581015795469
-0.0465363971889
-0.0420379266143
-0.0821527317166
-0.0397331230342
-0.0568064413965
-0.0198144093156
-0.0955502465367
0.0562779121101
-0.103730134666
-0.0407417975366
0.00148634018842
-0.00896002817899
-0.0173071660101
0.0201256237924
-0.116039261222
-0.0554902777076
-0.0644758790731
-0.0806586071849
-0.0515420548618
-0.0655682384968
-0.0732052326202
-0.0166963580996
0.00877902749926
-0.0489290952682
-0.10433267802
-0.0233114622533
-0.054858058691
-0.117696620524
-0.0309680253267
0.00438490416855
-0.0129328211769
-0.0298534873873
-0.046237796545
-0.00232668267563
-0.0733215883374
-0.0645832493901
-0.101307436824
-0.0406974367797
