5.56103223062e-05
-0.00153701461386
0.00982192251831
-0.000964398728684
0.00561811262742
-0.000920136284549
-0.00612618075684
0.00341884465888
0.00341993267648
-0.00740770576522
0.00320829171687
4.57759924757e-05
1.17815861813e-05
-0.00611014710739
-0.00773374782875
0.00685519166291
-0.00242265802808
0.000305122404825
0.00212254491635
0.00229668919928
0.00790533330292
0.00335249467753
0.00642718700692
0.00502029340714
0.00655536400154
-0.00215276074596
0.00516261346638
-0.00501493224874
0.00531605817378
-0.000373899412807
0.00149371172301
-0.00113542273175
-0.00178673723713
-0.0030402878765
-0.00205048546195
0.00551151204854
0.000495890446473
0.000745343568269
0.00150203134399
-0.00228763208725
-0.000635048665572
-0.000566477887332
0.00119699712377
-0.00269973883405
-0.00311061507091
0.00138516770676
-0.0043567661196
-0.0012544359779
0.00590133620426
0.00193032529205
0.00179810437839
-0.000134980320581
0.00764037994668
0.00163716054522
-0.00359141174704
-0.00588492397219
-0.00110521749593
-0.00487800035626
0.0029703550972
0.00295658688992
0.00357197714038
0.00643621198833
0.00691603450105
0.00579729862511
0.00684054614976
-0.00388608197682
0.00490878010169
0.00107172492426
-0.00320886517875
0.00169023533817
-0.00275658653118
-0.000517443171702
-0.00208681751974
0.00157550210133
-0.0029224655591
0.005163627211
0.00248859496787
-0.00281270337291
-0.00307367928326
-0.000561375927646
0.00461308611557
0.00722452299669
-0.00391898164526
-0.000762243114877
0.00567545276135
0.00237141107209
-0.00234982487746
-0.00233533256687
-0.00677126646042
0.00488348305225
-0.00257417955436
0.000412637775298
0.00256675947458
-0.00452928896993
-0.00900698825717
-0.000823350041173
0.0106922164559
0.00349740474485
0.0114731565118
0.000747021113057
-0.0049891914241
-0.00341498386115
-0.00580888241529
-0.00525157526135
-0.00381230679341
-0.00151429907419
-0.000145661571878
-0.00432486832142
0.00199554301798
-0.00316610164009
-0.00210297200829
0.0047402670607
-0.00270841084421
-0.00198781397194
0.000814721221104
0.000874875870068
-0.00673079770058
0.00333544472232
0.00648670271039
-0.00506838364527
0.00238498323597
0.00351404375397
-0.000425311940489
-0.00599573459476
0.000507906428538
0.0124866012484
0.00345945521258
-0.000478192814626
-0.0126815447584
0.0025384943001
-0.00783499795943
0.00343429273926
-0.000195364482352
0.00314690102823
0.00144890684169
-0.00723348464817
-0.00310294167139
0.00108459871262
-0.00270792399533
0.00337038561702
-0.00537377968431
0.00397854205221
-0.00890633277595
0.0105979898944
-0.00355428084731
0.00357236457057
0.00849684234709
0.00915335025638
0.000895858625881
0.0059089823626
0.000674377835821
0.000986581435427
-0.00577420927584
0.000479127920698
-0.00184494280256
-0.0012015553657
-0.00561236776412
-0.0011527830502
-0.00390589609742
-0.0020778698381
-0.00143218506128
0.00353186530992
0.000267430325039
-0.00371265201829
0.00102537870407
0.00449377205223
0.000317865604302
-0.00363410823047
-0.0036355338525
-0.00152070971671
-0.00274604605511
0.00435454864055
-0.00161278306041
-0.00250255968422
0.00931402109563
0.000838447944261
0.00263427803293
0.0053303479217
0.00352388923056
-0.000388004729757
0.00421297969297
0.00308492244221
0.00271480623633
0.00873554497957
-0.000158899347298
0.00333281629719
-0.00185561308172
0.00520927924663
-0.00205116719007
-0.000729199207854
-0.00197229837067
0.00498586520553
0.00293731340207
-0.00381296291016
-0.00249222037382
-0.00687617762014
-0.00315790600143
-0.00548243895173
-0.00185396859888
-0.00443065585569
0.0074537624605
-0.00173717609141
0.00246153771877
0.00327075761743
0.00524474633858
-0.00171946932096
-0.00024620021577
-0.000120071148558
-0.00261061638594
-0.00134979444556
-0.00186775275506
-0.0018945755437
0.0042778076604
-0.00176153890789
-0.00555384298787
-0.00281343469396
-0.00252385810018
0.010073733516
-0.000836802122649
-0.00304752960801
-0.00376852182671
-0.00724104000255
-0.00392899988219
0.0056524714455
-0.000642777828034
-0.00229573296383
-0.00105539616197
0.00737031409517
0.0028306778986
-0.00026585868909
-0.00253601744771
0.0011510575423
-0.00297112413682
-0.0145024061203
-0.000685255159624
0.000217701061047
0.00421669939533
0.000701358250808
0.00354887382127
-0.000345612555975
-0.00283745839261
0.0104774832726
0.00433968985453
-0.00207360065542
-0.00117318436969
0.00734475441277
-0.00562186865136
-0.00339725543745
-0.00327180372551
0.00264220428653
-0.00308875739574
0.00278412178159
-0.00558043131605
-0.00599547754973
0.00463442178443
2.07951725315e-05
0.00941566284746
0.00120045244694
0.0033992996905
-0.00320997950621
-0.00748371146619
-0.00702135218307
0.0100891459733
-0.000861454347614
-0.000901846389752
-0.00103351520374
-0.00174024736043
0.000207953882637
0.00179984408896
-0.0102512538433
0.00895892642438
0.00552458269522
0.00407403195277
-0.000725606107153
0.00149545667227
0.00763754965737
0.00171201664489
-0.00720245763659
0.00415697460994
-0.00680750096217
-0.00760809518397
0.000509242177941
-0.000107960921014
0.00186581141315
0.000427244522143
0.00582182779908
0.00583410868421
0.0113113978878
0.00594109715894
-0.00943561643362
0.00651079881936
0.00133632437792
0.00620790245011
0.00363067910075
-0.0102215288207
-0.000772823637817
0.00188673206139
0.00107410142664
-0.0020174193196
0.00400160439312
-0.00341804069467
0.00179374450818
0.00491300225258
0.00118895678315
-0.00620717927814
-0.00418775808066
0.00593302492052
-0.00763648422435
2.07464818232e-05
-0.00171369244345
0.00488885957748
0.00252214912325
-0.0063927215524
0.00947406422347
0.0024150935933
-0.0125696631148
3.07732116198e-05
0.0087239202112
0.0063940952532
5.48497046111e-05
0.00332432682626
0.00190730963368
-0.00188255147077
0.0114697227255
0.00310882879421
-0.00346987205558
-0.00183412362821
0.00160419102758
-0.00838646758348
0.0025337820407
-0.00470262812451
0.00182336184662
-0.00840603839606
-0.00418881047517
1.69036902662e-05
-0.00465322192758
-0.00211580051109
0.00323977740481
0.00746146589518
0.00637995684519
-0.00302207400091
-0.000794547784608
0.00311981351115
0.00196391134523
0.00500886002555
-0.00408956408501
0.00242204801179
-0.0011594487587
-0.00140298367478
0.00231441552751
0.00267613213509
-0.00339656812139
-0.000948929809965
-0.000138609160786
-0.00384064670652
0.00124170596246
-0.0055430624634
-0.00282082962804
0.00259584723972
-0.000540869717952
-0.0058487970382
0.00177558884025
0.00734865991399
0.000292550423183
-0.00932130590081
-0.00652282126248
0.00573981227353
0.00759940221906
-0.00420296425
-0.00347793824039
-0.00316438940354
0.00161204440519
0.00624347198755
0.00256194989197
0.000127223524032
0.000962572055869
-0.00162763556
0.000710812106263
0.0019776718691
0.000677793694194
-0.00400508148596
0.00672954879701
0.000428486149758
-0.0017112090718
-0.000671786663588
0.000190186299733
0.00105903856456
0.00320691359229
-0.00584070431069
-0.00169107515831
-0.000289278978016
0.0042458740063
-0.000389358436223
0.0121426098049
-0.00371712399647
-0.00180007645395
0.00284515065141
-0.00218484690413
0.00383029226214
-0.00132975401357
0.00228990800679
0.00762692652643
0.00842677522451
0.00256600091234
0.00228069676086
0.00290488405153
-0.00847494695336
-0.00230656587519
-0.00963004026562
-0.000617149402387
0.0057975621894
-0.000538889027666
0.00207298481837
0.00174527685158
-0.00782121811062
0.00341365556233
0.00852383673191
0.00166273943614
-0.00188758876175
-0.000763949705288
0.00470228353515
0.00297730928287
0.00344264972955
-0.00118015415501
0.000296052952763
-0.00261403759941
-0.00865016784519
0.00232082977891
-0.00302398554049
-0.000695790571626
0.0041870418936
0.00307327648625
0.00607955269516
-0.00261631677859
-0.00343717774376
0.000727905833628
-0.00694866897538
0.00235791946761
-0.000663809536491
0.00573856662959
0.00648521864787
0.0027786125429
-0.0043210410513
-0.00375134358183
-0.00182307045907
0.00346200517379
0.0116158695891
0.00512712402269
0.00289040291682
0.000840730208438
0.00530368601903
-0.000132750166813
-0.00280148675665
-0.00236222124659
-0.00263704918325
-0.00447527924553
0.000217270382564
0.00642230641097
0.00851000845432
0.00187770393677
0.00823643896729
0.0146863786504
0.00652681430802
0.00841950718313
-0.00733836041763
-0.00455108517781
-0.00412521325052
0.0049555124715
0.00523768411949
-0.00273688021116
0.0117896888405
0.000160846611834
-0.00158605119213
0.00925802160054
-0.00659639155492
0.0015924180625
-0.00335006508976
-0.00180957582779
-0.000821126217488
5.15489227837e-06
0.00393547257408
-0.00203395658173
0.00446093268692
-0.0083695538342
-0.000447182013886
-0.00771867716685
0.000948196800891
-0.00146859406959
0.00354195595719
-0.00252349860966
-0.00151328823995
-0.00324808806181
-0.000231950107263
-0.00481312302873
-0.00875040888786
0.00234326906502
-0.000171432460775
-0.000477345107356
-0.00393977668136
-0.00262620323338
