-0.118880875409
-0.30313912034
-0.0746305882931
0.154482528567
-0.19755718112
0.017955282703
-0.323461771011
-0.306669920683
-0.287421494722
-0.141699895263
0.204259574413
0.0038173168432
0.0450356565416
-0.371447533369
-0.338259071112
0.207395970821
0.0789847224951
0.0916443765163
0.0826089158654
-0.334168076515
0.279599279165
0.329469293356
0.365689814091
0.367040991783
0.111542589962
-0.275519758463
-0.304379969835
-0.00248089246452
0.277139306068
0.193471848965
0.110529586673
-0.148680880666
0.391033828259
0.243467360735
0.439277797937
0.102196395397
0.0825312659144
-0.102730937302
0.235551580787
0.105462685227
0.0082985619083
-0.316143453121
0.0125614730641
-0.28406432271
0.1477175951
-0.257481247187
0.015431069769
-0.332350850105
-0.178282514215
-0.128265291452
0.154411062598
0.176193386316
0.118448652327
-0.0922483503819
-0.016534017399
0.17406873405
0.324598938227
0.320507258177
0.428222358227
0.00366995972581
-0.148482382298
-0.220097735524
-0.238048121333
-0.23234641552
0.038877543062
-0.431403309107
-0.426792949438
-0.273852735758
-0.311211913824
0.0847702473402
-0.0747833773494
-0.305849581957
-0.422504842281
-0.322969079018
-0.26762971282
-0.0881507694721
0.210341885686
0.351144969463
0.415367901325
0.0439570955932
0.137247279286
-0.117569319904
0.00258223549463
-0.0204886607826
0.0642304345965
-0.30984929204
-0.29317599535
-0.339887440205
-0.136398777366
0.305888861418
-0.294189214706
-0.261343687773
-0.396864682436
-0.329384207726
0.279287159443
-0.250311851501
-0.216543242335
-0.255672246218
-0.0287738535553
0.0454153567553
-0.0614871159196
0.241024509072
-0.212483555079
-0.222528785467
-0.417575716972
-0.0487002469599
0.185612440109
0.0859839171171
-0.333178162575
-0.427208572626
0.0424919612706
0.000606268004049
0.234449893236
0.247941866517
-0.336859703064
-0.125994563103
0.128034487367
0.246997520328
0.483364492655
0.141464412212
-0.134263202548
0.151646316051
0.0140194920823
0.28212466836
0.131814539433
0.129427656531
0.115951105952
-0.0310676693916
-0.0524992085993
-0.230654582381
-0.2694401443
-0.22533223033
-0.278600931168
-0.349481463432
-0.365116298199
-0.345162332058
-0.382205873728
-0.322678714991
-0.357613384724
-0.215527832508
-0.0360734984279
-0.0868462026119
-0.258298665285
0.0941395759583
-0.150586590171
0.276971399784
0.0937073081732
-0.0292516686022
-0.111373983324
-0.154457107186
-0.0847585126758
-0.00825899094343
0.0267414525151
0.184928104281
0.306845128536
-0.261382639408
-0.179441615939
0.310635298491
0.401744395494
0.230669170618
-0.320348113775
0.310492187738
0.364312410355
0.386656939983
-0.139854416251
-0.121059395373
0.423503130674
0.17372328043
0.104254335165
-0.35649907589
0.220379963517
0.349105417728
0.0585118494928
-0.0910704806447
-0.300105959177
0.130092412233
-0.0674390420318
-0.0549214929342
0.208097875118
-0.229432702065
-0.0620243959129
-0.146676540375
0.0678425505757
-0.00330736860633
-0.101055718958
-0.061533857137
-0.0366618409753
-0.00269868643954
0.267683893442
-0.0116567760706
-0.276586532593
-0.0648463442922
0.0237408429384
0.300182729959
-0.165349692106
0.168599754572
-0.0952364951372
-0.0929464176297
0.198690459132
0.325489223003
-0.397301107645
-0.15567278862
0.0366620346904
0.221293285489
0.277357876301
-0.2544901371
0.336324721575
0.325315475464
0.23380947113
0.223489448428
0.124337151647
0.393150359392
-0.0181012228131
0.172191500664
0.210423499346
0.0923549607396
0.244002923369
-0.287939667702
0.167148992419
-0.0766054540873
-0.0355673953891
-0.0139879584312
-0.0945669412613
0.0398783385754
0.236181557178
0.0399329811335
-0.196156829596
-0.0432069227099
0.198276624084
-0.0448168553412
0.270410478115
0.0698881298304
0.107047080994
0.106226086617
0.110600166023
0.253522127867
0.206949949265
0.243020161986
-0.11313855648
0.273882508278
-0.124121971428
0.184176921844
0.21820884943
0.0611213557422
-0.164679735899
0.0675747916102
0.247662454844
-0.260154187679
-0.0981825068593
-0.274683475494
-0.091446749866
-0.0366071201861
-0.125838071108
-0.332467854023
-0.0689976662397
-0.285994231701
-0.141540512443
-0.348786711693
-0.367255240679
-0.310496330261
-0.0118281338364
-0.000107669235149
-0.342371881008
-0.257005751133
0.104337513447
-0.124535776675
-0.0703312009573
-0.0661062374711
0.198082596064
-0.113591112196
-0.17456099391
0.285120874643
-0.10379755497
0.362021714449
0.0449706353247
0.0727881342173
-0.0577188059688
-0.216615274549
-0.0297878328711
-0.340213358402
-0.234981030226
-0.255318850279
-0.427233725786
-0.173593223095
-0.0115985246375
-0.156205132604
0.0461389832199
0.086920902133
0.26916000247
0.229982614517
0.279192954302
0.283351004124
0.487635165453
0.502407491207
0.0251112096012
0.402058631182
0.135281696916
0.185900330544
-0.0274600777775
-0.0290115773678
0.0564639419317
0.23578594625
0.009271947667
-0.145987510681
-0.173864915967
0.182372316718
0.409255087376
0.271817088127
-0.2268204391
-0.321440070868
0.158947721124
0.304801017046
-0.0743872970343
0.0684165209532
-0.37737044692
0.23958145082
0.306900262833
0.138944268227
0.204437226057
-0.0564472451806
0.161030933261
0.242484718561
0.115425556898
0.0388398356736
-0.221564665437
0.131212770939
-0.0875835716724
0.0951953306794
-0.305935710669
-0.149130865932
-0.195108756423
-0.159075826406
-0.268470227718
-0.166509538889
-0.280849277973
0.1613317132
-0.200998485088
-0.23172749579
-0.206803008914
0.0364330112934
0.0198266003281
0.146010950208
0.252421170473
-0.0355863682926
0.0594980865717
-0.176234006882
0.0649797171354
-0.0226517971605
-0.198160812259
-0.0647604987025
0.340236723423
0.436731219292
0.339481562376
-0.0621309578419
-0.25234401226
0.14725753665
0.110322251916
0.278672784567
-0.0156882237643
-0.327757626772
-0.314466178417
-0.114419683814
-0.130975082517
0.0384484529495
0.14039234817
-0.376947075129
0.1536629498
0.227854281664
0.121088199317
0.356287389994
-0.246723040938
-0.0689854472876
0.0982260033488
0.327439457178
-0.152848735452
-0.00753491185606
-0.240633279085
0.217114970088
-0.253639698029
-0.172303169966
0.208349853754
0.181092068553
-0.0634539052844
0.310036212206
0.131354391575
0.139155730605
-0.151851788163
0.137862443924
0.412887960672
0.356388777494
0.146065607667
0.123746819794
0.0824534446001
0.21148981154
0.44827747345
-0.0601650178432
-0.354617536068
-0.316098600626
0.105022244155
0.15808352828
-0.197399884462
0.159944623709
0.27303853631
0.166713193059
-0.252699136734
0.195708379149
-0.156134009361
0.218358725309
0.08046939224
0.387915104628
-0.157035902143
0.0185779295862
-0.181128099561
0.316808432341
0.382847607136
0.19656611979
0.179369807243
0.0444356016815
-0.345787554979
-0.191445782781
0.0466614998877
-0.0333799794316
-0.183994054794
-0.078809812665
-0.204748675227
-0.170185595751
0.204576954246
0.247225597501
-0.224779099226
-0.155803456903
0.0136344283819
0.277290135622
-0.213380619884
-0.19454190135
0.150469020009
0.279006242752
0.18483568728
-0.405332297087
-0.364045202732
0.155200779438
0.342902779579
-0.045711286366
-0.325083583593
-0.352291882038
0.296325206757
0.209182038903
-0.211483806372
-0.293106973171
0.0439981855452
0.0357126556337
0.164662986994
0.292726844549
-0.350777775049
-0.312000989914
0.115734271705
0.420697838068
0.309924662113
-0.378474444151
-0.389328509569
0.147565573454
0.341549575329
0.32084146142
-0.108140207827
0.0336322300136
0.281654059887
0.27876752615
-0.0279176644981
-0.224206715822
-0.149658665061
0.0392497815192
0.273825496435
0.0327791273594
0.119484730065
0.0295392721891
0.0766136273742
0.145358681679
0.20314450562
0.436620473862
0.0800839886069
-0.0821660757065
0.287215083838
0.355465859175
0.0270060952753
-0.275824487209
-0.0241292323917
0.3298355937
-0.182432636619
-0.410670995712
-0.144916877151
-0.223342016339
-0.296147972345
-0.449946552515
-0.290746152401
-0.0514069460332
-0.0824173614383
-0.362144142389
0.0309750083834
-0.18510197103
0.0545937344432
0.268125116825
