-0.0962247699499
-0.0031533644069
-0.0271109957248
-0.131062939763
-0.0136883528903
-0.0560367517173
0.0693967044353
-0.100277833641
-0.0686110332608
-0.0262755621225
-0.0154540762305
-0.00642009079456
0.12663179636
-0.000283648259938
-0.023695839569
-0.00443474529311
0.0258862264454
-0.0333380401134
0.0185657460243
-0.0263012927026
0.0283017959446
0.0263497158885
0.0329847149551
-0.0607647821307
-0.0820613652468
-0.0534510873258
-0.0678185969591
0.0913114771247
-0.0755461007357
-0.0656169429421
0.0994078889489
-0.00179986294825
-0.00588111160323
0.0161106735468
-0.0227693654597
0.0015387138119
-0.142951309681
-0.0402827635407
0.0299746226519
0.0424765944481
-0.0336055196822
-0.00831545609981
-0.00213374942541
0.0196119397879
-0.0372346006334
0.0125583466142
0.0338274687529
0.109650753438
0.10161845386
0.0461312048137
-0.0840388983488
0.0565208941698
-0.127353340387
-0.00442702369764
0.0668764412403
0.03693780303
-0.053965061903
-0.0323941744864
-0.0473369918764
0.106681838632
0.0482767857611
0.0462994873524
-0.0426924973726
-0.033720061183
-0.0345672555268
0.0564104877412
-0.0544153265655
0.0051088728942
0.0256943143904
-0.0843127965927
0.0113858431578
0.0375299751759
-0.0785477459431
-0.0122383832932
0.00558434613049
0.0314197540283
0.0883604884148
-0.0813602954149
-0.0566004067659
-0.0548125728965
0.0269464254379
-0.0184508450329
0.0481403619051
-0.0816014185548
-0.0997583717108
0.166173532605
-0.0110052917153
0.0885158926249
-0.0328136011958
-0.118934065104
-0.0702063441277
0.0627215281129
0.0851964652538
-0.0173256061971
0.017191555351
0.0170199051499
0.152589306235
-0.0807408690453
-0.0571580082178
-0.00705364346504
0.0713392719626
-0.0627878159285
-0.0200797952712
0.0221768636256
0.133648708463
-0.0647553578019
-0.0851412266493
0.00220440234989
-0.0161405354738
-0.0292138587683
0.00775964232162
0.100114248693
0.0374428108335
0.100660391152
0.0123348915949
-0.0425824038684
0.0289854183793
-0.0731038674712
0.107899941504
-0.0761788487434
-0.00105121638626
0.0460175909102
0.0929629728198
-0.0450174063444
-0.0492524318397
-0.0418171770871
0.0150621701032
-0.00673213461414
0.0290289148688
0.0785369127989
0.0474680662155
-0.0324330292642
-0.0756098106503
-0.0801949128509
0.0519084818661
0.136606350541
0.062705732882
0.00562399579212
-0.0146374534816
-0.000759021902923
-0.00124042422976
0.0586504265666
-0.0785469412804
-0.109041370451
-0.0657100304961
-0.0330666601658
-0.118079803884
-0.0356923528016
-0.0365551114082
0.0682526677847
0.0131015945226
-0.0678045004606
-0.0113581987098
0.00534479971975
0.0386539362371
-0.0188652109355
-0.0306446254253
0.0855991765857
-0.0830020979047
0.0832689031959
0.0293196216226
-0.0505368821323
0.0335856378078
-0.0498599410057
-0.0673995316029
-0.0471630170941
0.109181270003
-0.0359655022621
-0.11741027236
0.116044074297
-0.0473719201982
-0.0552832335234
0.0381406024098
0.0886654853821
-0.0430284887552
0.0233930964023
0.0993019118905
-0.0200735572726
0.0366719849408
0.0529913753271
-0.0791537165642
-0.0717064216733
-0.00469500664622
-0.0302107576281
-0.0904344767332
-0.107833608985
0.00900356471539
0.0246302615851
-0.0139238862321
0.0410162061453
0.0104703716934
0.0129981022328
-0.109912648797
-0.0151901384816
0.00871014688164
0.0363959744573
0.00399353448302
-0.0584986768663
0.0659891366959
-0.0645847544074
-0.0265148282051
-0.0077041159384
-0.0614005252719
-0.0523950941861
0.0929958075285
-0.0521840043366
-0.0609427168965
-0.0374466702342
-5.80035266466e-05
-0.0303394738585
0.0246004909277
-0.0477033779025
-0.0348409824073
-0.0545451231301
-0.11005859822
-0.045664831996
0.0622159913182
0.0940583869815
0.0313746295869
-0.0316022671759
-0.00761077553034
-0.064191326499
-0.0419266410172
-0.108480781317
-0.0233838558197
0.0332769714296
-0.00913546327502
-0.100352048874
0.0389575473964
-0.00876298826188
0.0624300912023
0.109562270343
-0.00777520146221
0.00605493644252
-0.066400103271
0.133900761604
0.0693252682686
-0.0186111461371
-0.0332429409027
0.00958966370672
-0.0501888841391
0.054192751646
-0.0928514674306
0.153463736176
0.0172373689711
0.129732623696
0.0379402078688
-0.0599081292748
0.0760013759136
-0.0564351789653
0.0796843767166
-0.0306843146682
0.127911090851
0.049935773015
-0.0587206482887
0.0685053467751
0.0172400828451
-0.0631495341659
-0.121404126287
0.00881520472467
0.0275766439736
0.0471683815122
-0.0170519519597
0.0745857656002
0.022135945037
0.0167469084263
-0.0222440548241
0.00272437231615
-0.024660969153
0.189838692546
-0.157862871885
0.0157750528306
-0.0144116412848
-0.0428281091154
-0.0833013579249
0.0438297241926
-0.0386229790747
-0.0514422506094
-0.0362353548408
-0.00830479897559
0.0445071496069
-0.049429718405
-0.0789515003562
0.00319726532325
-0.142464011908
0.079800106585
0.0834790989757
0.0915723666549
-0.00162229128182
0.0521875545382
-0.0052178427577
0.0128120798618
-0.0367270596325
0.0717335417867
0.0546901710331
-0.0148832527921
-0.0262195300311
-0.0321434736252
-0.075902171433
-0.0312140807509
0.02028747648
0.0191910658032
-0.0500962547958
-0.0578864663839
0.0859757140279
-0.0127153722569
-0.0101283276454
-0.010130087845
-0.0165060181171
0.0343097224832
0.197924792767
0.0534092001617
-0.0322170369327
0.0123017262667
-0.00622041197494
0.0576784871519
-0.0282394196838
-0.0434206053615
-0.00331793515943
-0.0831097364426
0.0085215838626
0.150723800063
-0.0708085522056
0.0218949969858
-0.0951143205166
0.00877165794373
-0.0448194071651
0.066337838769
-0.0184788238257
0.0301432944834
0.0837660059333
0.0138087114319
-0.0575952641666
0.0539160221815
-0.0631152540445
0.030575459823
0.0152828451246
-0.0657921284437
-0.068734548986
0.01715500094
-0.0298293530941
-0.0350325554609
-0.0414387769997
0.00837811361998
0.0550858229399
0.0537168346345
0.0169650427997
0.0358478203416
0.0571756996214
-0.007902354002
0.0167698729783
-0.0368118956685
0.00174728489947
-0.0304047241807
0.0280943065882
-0.0550865605474
0.00327892042696
-0.0663999095559
-0.00343362940475
0.0657194703817
-0.0463713295758
0.0480268895626
-0.0970753654838
0.0392143204808
0.0168818365782
0.0568606480956
-0.128234416246
0.0512657538056
0.0989553257823
0.0162131208926
-0.166290596128
-0.0244163367897
0.129249021411
-0.0562892183661
0.0673414394259
-0.0741136446595
-0.0421615093946
0.130450963974
0.0619236081839
0.048093996942
0.144381657243
-0.00453463755548
0.0372890532017
-0.00366761651821
-0.0632077381015
-0.0897782966495
-0.0368753299117
-0.0487077049911
-0.0263320337981
0.0228177793324
-0.0744289755821
0.0141754169017
-0.0181465689093
0.104809865355
-0.00707127945498
-0.00804325193167
-0.089125521481
-0.0120630050078
0.174719646573
-0.0415065996349
0.0510195866227
-0.0768911987543
0.0571809671819
-0.0565641932189
-0.00381375313736
0.0510248579085
0.00905225519091
0.0837266370654
0.0602176338434
-0.0265127159655
-0.0462125241756
-0.0714059099555
0.015982195735
0.0148589219898
-0.0518797263503
0.0165629517287
-0.0266320891678
0.0408377796412
-0.0237603001297
0.0533262044191
0.12862496078
-0.0988550037146
0.155586734414
0.0422493964434
-0.0678059458733
0.0381493605673
0.116134859622
-0.0259388200939
0.020057933405
-0.0202201213688
0.0644239038229
0.0528933927417
0.0306426174939
-0.0415899045765
-0.0499307960272
0.000577087281272
0.0489731058478
0.0189274698496
-0.112589880824
-0.101466618478
-0.0533260963857
-1.8227565306e-05
0.00854530930519
0.119779609144
-0.0249466244131
0.0578549019992
-0.103793695569
-0.0754143372178
-0.0994485020638
0.00448513543233
-0.0140006868169
-0.0604623742402
0.013504780829
0.0206134375185
-0.0431634224951
-0.049368981272
-0.0283210910857
0.0999479070306
-0.0623029991984
0.00400101207197
0.00390468374826
-0.0783886238933
-0.0147510711104
-0.0305948890746
0.0076871602796
0.0615335889161
-0.0537808910012
0.068268045783
-0.0802166908979
-0.0568988099694
-0.125127971172
0.106598570943
0.00535639654845
-0.0131596382707
0.0100699216127
-0.0550644584
0.0477623194456
0.0165102295578
0.073133893311
0.0359810478985
-0.0702602341771
0.016242288053
0.043519705534
-0.133717507124
0.01166392304
0.00834016688168
0.00698629114777
0.0658850744367
0.0388881377876
-0.0562694706023
-0.0376062020659
0.0829973444343
0.0729697421193
-0.011590031907
-0.022183906287
0.0705149918795
0.0743578001857
-0.00227554119192
-0.0425130724907
0.0410702303052
-0.0479490458965
0.100009657443
-0.0345903858542
-0.117082506418
0.00761738466099
0.0484074875712
-0.0150952758268
-0.00593741890043
-0.00414755241945
0.0671761780977
0.122361920774
0.00498349638656
0.0970271378756
0.0359851419926
-0.0478492937982
-0.0125966109335
0.0333171412349
-0.0790310278535
0.0267522614449
-0.000375835574232
-0.045903891325
0.0738824754953
0.132114514709
0.0621077381074
0.0781735181808
-0.0403616689146
-0.026600074023
0.036822360009
-0.00602992530912
0.0361998900771
0.0565642900765
-0.0814356431365
0.0167229678482
-0.0702350065112
-0.00468412879854
-0.0565721355379
-0.0194981209934
0.0198260471225
0.00207317480817
0.0651415660977
-0.151099994779
0.0196926351637
0.0810762047768
0.0889362692833
-0.0220521967858
0.0997552424669
0.00780286872759
-0.0169500317425
0.0824215188622
0.0209950655699
0.0688178911805
0.0655198842287
-0.0131874661893
-0.0162837095559
-0.00735751213506
-0.0543243139982
0.0559144467115
-0.0177577007562
0.0162722598761
-0.0489994809031
-0.120340906084
-0.0272411666811
0.0474151857197
0.00472693750635
0.0145577602088
-0.0173021722585
-0.0143874455243
0.0636676251888
-0.00727573083714
-0.0400348864496
0.013684310019
-0.113885261118
0.0978263691068
0.0576280131936
-0.057363152504
-0.0964101999998
0.0249891988933
-0.102943561971
0.057260978967
0.0835921242833
-0.0427007712424
0.0886551290751
-0.0508788861334
-0.0659714415669
0.0350486449897
-0.0749868005514
-0.026703318581
0.00497597549111
0.0965540185571
-0.0243428926915
-0.0297426003963
-0.00548110622913
-0.141289621592
-0.00427034171298
-0.0298064686358
0.00362921692431
-0.0306531954557
0.130369648337
0.0968879908323
0.0529261343181
0.0186980105937
-0.0355950221419
-0.0902423933148
-0.00105605612043
-0.069306910038
-0.0452817603946
-0.0970138981938
0.0241310615093
0.0791803896427
-0.0852300450206
0.0828623771667
0.130078434944
0.00533921038732
-0.0327438935637
-0.0443178080022
-0.0262415874749
0.0453088507056
-0.064987629652
0.00434920517728
-0.0317552238703
0.0595395080745
0.111662775278
-0.0125654833391
-0.063337251544
0.0247803162783
0.130660936236
-0.0327460058033
0.0230257883668
-0.0175018738955
0.0279886107892
-0.0508974976838
0.0241285879165
0.123139105737
-0.0596489496529
-0.0718392804265
-0.0529188737273
-0.0436880290508
0.0460106432438
0.0252182614058
0.0569078288972
-0.149395123124
-0.0812791362405
-0.0812985524535
0.0104967234656
-0.0262365601957
0.10177975148
0.137267246842
-0.0123479841277
0.0878550186753
-0.00762090785429
-0.0150332711637
0.130830258131
-0.00763318873942
-0.0235143210739
0.0401644185185
-0.0589459389448
-0.0277143511921
0.00751575222239
0.0403597727418
-0.0418492779136
-0.0581758320332
-0.0468805730343
0.0571268834174
-0.0116940876469
0.0852815210819
-0.0277923215181
0.0220428276807
-0.0359800159931
-0.0749994665384
0.0203901976347
-0.0558920502663
-0.0555986836553
0.0136955082417
0.0925104692578
0.104470461607
-0.0401030816138
0.0416392497718
0.0143206547946
-0.00434954231605
-0.0357750840485
-0.0423389971256
0.061367854476
-0.093935713172
-0.106209985912
0.0228253100067
-0.0573358237743
0.0159687548876
-0.0954725369811
0.0608938150108
-0.0196458287537
-0.0394472777843
0.0642961114645
0.0411175116897
-0.0679527148604
0.0558411702514
-0.0654943734407
0.00774577492848
-0.0587951131165
-0.0228694994003
0.00984937511384
-0.027295012027
-0.041707213968
0.0479081831872
0.0315134301782
-0.0325725860894
0.0509719923139
-0.0852216035128
0.0173719935119
-0.00711627770215
0.0273640677333
-0.0560711324215
-0.0493358373642
-0.000424413155997
-0.0253312550485
-0.0196884609759
0.00955319218338
-0.0578328110278
0.0278244689107
-0.024491596967
0.0397075749934
-0.0244693290442
-0.0633134245872
-0.0756601691246
0.0849663093686
-0.0148101039231
-0.0594103746116
-0.0510147623718
0.0592951215804
-0.0845708250999
0.118685543537
0.0262659136206
-0.0315634608269
0.142497062683
-0.0580667108297
0.0979329869151
-0.0204238519073
-0.0225994624197
0.0672126039863
0.127088993788
0.118464663625
0.0658206418157
0.0157092288136
0.134159445763
-0.0624292455614
0.0334990657866
0.111006468534
0.018280852586
-0.003484825138
-0.0400379374623
-0.118240118027
-0.0112497005612
0.130276978016
0.0307642631233
-0.0800193250179
0.0867569372058
0.0469861142337
0.0858111083508
0.0410459898412
0.00415412802249
-0.0628402754664
0.123109422624
-0.0365246944129
-0.0952427834272
0.0455669313669
0.0214675813913
-0.0136140147224
0.0881732478738
-0.031439319253
0.0256342217326
-0.0579147711396
0.0834841877222
-0.0628724321723
0.00042266852688
-0.0396767146885
-0.061745390296
0.0601192526519
-0.0349744036794
-0.0645909234881
0.145309790969
0.0245318971574
-0.0393774919212
-0.0143149094656
0.0768995583057
0.0323048681021
0.0111498618498
-0.104460202157
-0.0317471623421
-0.14892077446
0.0247869230807
-0.128190100193
0.0366598851979
0.00539897428825
-0.105420187116
-0.0491482950747
-0.0195775460452
0.000484902586322
-0.0173371452838
0.00633157370612
-0.0399829111993
0.0488468259573
-0.0613588131964
0.178090065718
0.0702005326748
0.00712236203253
-0.0467832349241
-0.054097019136
-0.0578870102763
0.0928086936474
-0.0361368954182
0.0587259232998
0.0735871493816
-0.0387551262975
-0.0125805400312
0.0322662629187
0.159710094333
-0.0601374395192
0.000489718513563
0.108032628894
0.0595635473728
-0.00430308515206
0.00338817667216
-0.0604489482939
0.00363530474715
0.0898416191339
0.112175501883
-0.0265782494098
0.0646545737982
-0.0975459441543
-0.0445174090564
-0.0338055342436
-0.0503657311201
-0.120915561914
0.00259657157585
0.013215366751
0.0552819892764
0.0839674845338
-0.0309374071658
0.0377196446061
0.0100020542741
0.0499547943473
0.00552389025688
0.0411170497537
-0.027730954811
0.00745972711593
-0.0171336457133
-0.0344558730721
0.00810618605465
-0.0234520342201
-0.0659088045359
0.169105157256
-0.0347076840699
0.0246259141713
0.0266107209027
0.116207413375
0.0857219919562
0.0261238757521
-0.0522474348545
0.175025597215
-0.117707803845
-0.009854728356
-0.00558516383171
0.016925258562
-0.164095640182
-0.0532700568438
-0.0725651234388
-0.0315866172314
0.0429507307708
0.0340537242591
-0.0315307229757
0.0332076214254
-0.0499401055276
0.0607936047018
-0.0201746020466
-0.114246852696
-0.122528143227
-0.0552848279476
-0.0375853441656
-0.0533708892763
-0.000802591850515
0.0761537477374
0.0258140452206
0.0948516801
-0.0165280103683
0.0310856178403
0.0788103938103
0.0979544594884
0.111157432199
-6.62885649945e-05
0.0754634737968
-0.00673712976277
-0.0154757788405
0.0183270964772
-0.0461140088737
-0.0764346271753
-0.0303706713021
0.00155032495968
0.0491857640445
0.0494952052832
-0.091247677803
-0.0583735667169
-0.0874238535762
0.0912647023797
0.0248869545758
0.0870399177074
0.0484428703785
0.0506952479482
0.0495398379862
0.0365660861135
-0.0925811678171
0.0398549512029
0.137381702662
0.0148630980402
-0.0110922772437
-0.0465797558427
-0.148109897971
0.0711353719234
-0.0523002371192
-0.0324587486684
0.0128764696419
0.0306076221168
-0.0613213703036
0.00509185297415
0.0184050668031
0.0101282317191
-0.0892925933003
0.0624395981431
-0.0534880869091
-0.0226557590067
0.110551819205
0.023585556075
-0.0374921150506
0.0504913255572
0.0963971242309
-0.0685333833098
0.0500970967114
0.0324128493667
-0.00211131921969
-0.0108411256224
-0.0513344034553
-0.0997320786119
-0.0336202941835
0.0518661998212
0.0964902713895
-0.0955558493733
0.000249156611972
0.0419291816652
0.1267131567
-0.0728187114
-0.0247235707939
0.142776608467
0.109617508948
0.0692893266678
-0.00673397770151
0.0334277451038
0.0909384489059
0.0335682630539
-0.0706765279174
-0.0151606900617
-0.0131386946887
-0.0151911433786
-0.0430434197187
-0.0649700090289
0.0396078154445
0.0460347905755
0.0744861364365
0.0378302410245
-0.0188756082207
0.0695230513811
0.125270038843
0.0694342926145
0.0583411417902
-0.0433297380805
0.0230539888144
0.160581111908
0.0887297093868
-0.00898993294686
-0.0884100720286
0.0621415823698
0.0247559323907
-0.0773388296366
-0.0363575108349
-0.0186004769057
0.010435947217
-0.111393779516
0.107899472117
-0.0359630398452
0.04763924703
-0.046981472522
0.0626345574856
-0.094589561224
-0.0123229036108
-0.0442217551172
-0.0498185418546
-0.0201784241945
-0.0473488979042
0.0388549640775
0.0935081467032
0.00815737154335
-0.0167474653572
0.00399141246453
0.127303183079
-0.0126743996516
0.0264926552773
0.0996550768614
-0.0957647487521
-0.025992045179
0.109039381146
-0.0310611594468
-0.0766731575131
0.0233989078552
-0.028906673193
0.0156073383987
0.049945242703
-0.00166669324972
-0.0508990213275
-0.0833698436618
0.102130070329
-0.036220613867
-0.11432248354
0.0477748960257
-0.0214234758168
-0.0863638296723
-0.116299554706
-0.0473632216454
-0.0695500224829
0.0884964540601
0.0779731571674
0.0445069260895
0.000261750072241
0.0339297838509
-0.11525914073
-0.00910351332277
-0.005485849455
-0.0432728752494
0.0151258744299
0.0715503096581
0.0204765256494
0.0653237625957
-0.0283069070429
0.0765555873513
0.0144967595115
-0.0112198600546
-0.0197777114809
-0.0217293631285
-0.0761807486415
0.00351483444683
-0.0907452106476
0.00418546283618
0.0392972119153
0.0581242442131
0.00942926388234
-0.09597915411
-0.156516194344
-0.0165950879455
0.00988172087818
-0.0650140941143
0.0911690816283
0.0160935055465
-0.0752773806453
0.0362559445202
-0.0517659261823
-0.0673229619861
-0.0919210985303
-0.0479555800557
-0.00947630126029
0.129216998816
-0.0430313497782
-0.0377684347332
0.0137117225677
0.0679927542806
0.0905900597572
0.0303543359041
-0.04491616413
0.166018247604
0.0648808032274
0.0841071531177
-0.0631599649787
-0.0347432456911
0.032131254673
0.00488487165421
-0.0196655020118
-0.162136182189
-0.0379640683532
0.047210380435
-0.0203077215701
-0.0284711215645
-0.0386047922075
-0.0257426314056
0.123018190265
0.0370148643851
0.0464775562286
-0.0626736134291
0.0740996971726
-0.0102542126551
0.0789698064327
-0.0882229506969
-0.10020455718
0.0773072689772
0.101648181677
-0.00567551981658
-0.0188476014882
-0.0603140965104
-0.063402839005
-0.0757255330682
0.204312577844
0.0632637962699
0.128612682223
-0.00729326670989
0.0803769230843
-0.047787040472
-0.0604311078787
0.00878131762147
-0.0455630086362
0.0909481495619
0.133492723107
-0.0873440653086
-0.129432022572
0.0122161218897
0.00171586545184
0.0432753674686
-0.00178118026815
0.0515156947076
-0.114732682705
0.0766978487372
0.00940875802189
-0.0884125754237
0.0262695010751
-0.0377471148968
0.0332363545895
-0.032342735678
-0.0398222506046
0.00730344327167
0.116585560143
-0.0329988375306
0.00157351128291
0.0392141677439
-0.0233490541577
-0.0423065759242
-0.0788330361247
0.089771553874
0.0719390287995
-0.0602165088058
0.18317694962
0.0203996002674
0.0508927367628
0.167343720794
0.0801582932472
-0.0130494227633
-0.0691612288356
0.120589569211
0.0462305806577
-0.165449663997
-0.0210611801594
-0.0200163237751
0.0180926304311
-0.0476916767657
-0.0200788900256
-0.0810384526849
0.0262180902064
-0.0313669219613
-0.00217283982784
-0.0108491294086
-0.0444543808699
0.0504645630717
-0.0571577399969
-0.0808243602514
-0.0251021943986
0.00850440282375
0.0706269145012
0.131581112742
0.0522668845952
-0.128376111388
-0.0237064491957
-0.199854984879
-0.0705824494362
0.0728600993752
-0.00840154290199
-0.0398909673095
0.00175706483424
-0.0304939821362
0.152714714408
0.0799970924854
0.0887696594
-0.16919966042
-0.0117709776387
-0.119581758976
-0.0366454720497
0.0884834229946
0.0011255646823
0.0577694624662
-0.0183759145439
0.0139561612159
0.0187273304909
-0.00875657051802
0.060643594712
0.00237906514667
0.0329330340028
0.0674277171493
-0.0130507946014
-0.0647044628859
-0.0917272418737
-0.0666761398315
0.0470839515328
0.13198941946
0.00903336703777
-0.0955983623862
-0.0167594123632
-0.0615285597742
-0.0651567578316
-0.0107953781262
0.0905784592032
-0.0644163265824
0.117290079594
0.0209660325199
0.184371843934
0.0442318990827
0.0379174910486
0.026411563158
-0.0707491859794
-0.0238625332713
0.0259425397962
-0.0653578415513
-0.0461274385452
0.043950099498
-0.0571597665548
0.0430498868227
-0.0133729409426
0.00530160078779
-0.0772890374064
0.0253577195108
0.0220111291856
0.0463071204722
0.0956729650497
0.0496938638389
0.0454267524183
-0.100888267159
-0.0145527999848
-0.0434645339847
0.107106380165
0.0701607614756
-0.00480977259576
0.118049003184
0.0195793285966
0.0150532545522
-0.0130207845941
-0.100216239691
0.0365441255271
-0.017888052389
0.0810269936919
0.0447821654379
-0.000722966098692
0.124658554792
0.13086591661
0.00722108408809
-0.0258860066533
-0.0734808966517
-0.136260509491
-0.065202459693
0.0501237474382
-0.207789480686
-0.0679118335247
0.150766432285
-0.000600737752393
-0.0725558400154
-0.0149199180305
0.00598656572402
-0.0602796971798
-0.0393446199596
0.0120406076312
-0.0785480290651
-0.243217915297
-0.078714646399
-0.115807622671
0.060652371496
-0.0324912928045
-0.0792478471994
-0.0710403472185
-0.0596827454865
0.0118444766849
0.0774228423834
-0.0176975857466
-0.216511175036
0.16228069365
-0.0949654281139
-0.0372653752565
0.0901757478714
0.0333160497248
-0.0286705661565
-0.0393480993807
-0.0536729469895
0.123487062752
0.0935501158237
0.112347587943
0.0788218080997
0.0969363749027
0.0397025719285
0.0592829920352
-0.00276956264861
0.114577159286
-0.0787739828229
0.0742079466581
-0.0438157431781
0.0783403217793
0.112797163427
0.122618190944
0.130570814013
0.0579098686576
0.178430944681
0.0137859014794
0.0015297702048
0.249716341496
0.00789611786604
0.15754878521
0.0602356977761
0.0273570157588
-0.0422891452909
0.0377649068832
-0.0650876387954
0.0339320674539
-0.0747460871935
-0.0655841901898
0.0816996023059
0.0939286053181
0.0410330817103
0.0135223260149
-0.00686699850485
-0.0270494073629
-0.075692333281
0.0682356879115
-0.0780781432986
0.0181545708328
0.143277809024
0.0665500387549
0.17574006319
0.0877851620317
0.0960672870278
0.0398368276656
0.0684219896793
-0.186831906438
0.020337022841
0.0350079014897
-0.0253798663616
0.023578286171
-0.0512642152607
0.127661988139
0.0264350827783
-0.015925636515
0.00248108548112
0.125661835074
-0.0541007965803
0.168362721801
-0.0280568376184
-0.00466197868809
-0.0846828520298
-0.00403345096856
0.0106371426955
0.0808284580708
-0.0727036297321
-0.0692907050252
-0.049040812999
0.0432781167328
-0.00493879243731
-0.0882002040744
0.0879397839308
-0.109711773694
-0.0969742760062
-0.0934207066894
0.00872001796961
-0.00642433203757
-0.0973995625973
-0.0732059776783
-0.0188105665147
0.0069117997773
0.109111450613
0.0959333181381
-0.117683827877
0.0239254329354
0.103129349649
-0.0556605607271
0.00849568936974
-0.123394981027
-0.183266326785
-0.0406089611351
0.0277368687093
-0.00977806281298
-0.0232113469392
-0.055527344346
0.000802798313089
0.186444446445
-0.0288679562509
-0.0174141339958
0.0299082770944
-0.056738127023
0.0721417665482
-0.00267477449961
0.0324160307646
-0.103348582983
0.0268385075033
-0.0721238404512
-0.131728559732
-0.219360232353
0.0213781632483
-0.0907722562551
0.00947582349181
0.0591641515493
-0.04598390311
-0.139297157526
-0.0293213538826
0.0301477070898
0.0918000042439
-0.02809420228
0.0485914684832
-0.00862047355622
-0.100455805659
0.0483404062688
0.0413067676127
0.111965723336
0.0750656872988
0.032620921731
-0.000576363119762
0.0284344870597
-0.0673788115382
-0.00491093238816
0.0798860490322
-0.00313351745717
-0.0357982367277
0.0568078719079
0.00162268127315
0.129179269075
0.0698714479804
-0.121908329427
0.00939727574587
0.123854286969
0.0978915393353
0.109241783619
-0.0637281984091
0.00843723583966
-0.0710884481668
-0.0589644350111
-0.0187925156206
-0.0684900730848
0.00951587036252
-0.0219077467918
-0.101870946586
-0.0792808756232
-0.0232998393476
-0.0833285003901
-0.0518762245774
0.0566827952862
-0.0606979764998
-0.0550764650106
-0.110250413418
0.109459973872
0.0390739478171
-0.0954099670053
0.0127946808934
0.0405296236277
-0.0343803316355
-0.0683018788695
-0.0770574733615
-0.0407219566405
-0.0344587378204
-0.0447543300688
-0.0617691799998
0.0613339655101
0.0768272727728
-0.0631282180548
0.0102589484304
0.0272369943559
0.067776247859
-0.0928277224302
-0.116418585181
-0.0249650944024
0.1053308025
-0.0581349618733
-0.00238582235761
-0.0650661364198
-0.0484684072435
-0.00587946036831
-0.0205339696258
-0.0414995327592
-0.00372402183712
0.0273982416838
-0.0124186659232
-0.0973093435168
-0.0486165247858
-0.0854923576117
0.0689628869295
-0.0216713435948
-0.0579344630241
0.0339127369225
0.0470468215644
0.0306955259293
0.12558683753
-0.031111670658
-0.0554259605706
-0.0703477114439
0.172044694424
0.0895410403609
0.10403753072
-0.0647009834647
-0.115566045046
-0.108265005052
0.161919146776
0.0510626845062
0.0279319938272
-0.00538370665163
0.0936464294791
0.184419006109
0.0912070423365
-0.0952327400446
0.0704369917512
-0.0282545927912
-0.0292424410582
0.163450628519
0.0331550464034
-0.0971207991242
0.0464482605457
-0.0883879214525
-0.059891268611
-0.115217089653
-0.0684991702437
-0.0938671529293
0.108789436519
-0.031152792275
0.0250769574195
-0.041297994554
-0.0320266745985
-0.0249336063862
-0.028441708535
-0.0584060624242
0.0704729259014
-0.0239718351513
-0.0048370375298
-0.025673776865
0.154457613826
0.0755711719394
-0.0445424392819
-0.0648420825601
-0.0848143473268
0.0992287546396
0.00322302896529
-0.0587390474975
0.0291213318706
0.0592645704746
0.0841972827911
0.00618157302961
0.0116674499586
-0.132823348045
-0.0232823621482
0.0684941634536
0.0578485354781
0.148176535964
0.0379814729095
0.153176933527
0.168578729033
0.0541253611445
-0.0242263693362
0.0672001242638
-0.105850435793
-0.0921745970845
-0.0660532340407
-0.0490494892001
-0.103574253619
-0.0809551626444
-0.0355183146894
-0.147990584373
0.0493758097291
0.118733815849
-0.103640310466
0.195618823171
-0.0992383137345
0.079818226397
-0.0226054657251
-0.0292119253427
0.0594214498997
-0.107935898006
-0.104617655277
0.0790775939822
-0.106167152524
-0.0223630797118
-0.0909902751446
0.00957134086639
-0.0735945031047
-0.0971361026168
0.0601810626686
-0.0491891093552
-0.112352646887
-0.139348939061
0.0869245454669
0.00756464712322
0.0247632134706
0.0303509347141
-0.0228590127081
-0.0516988746822
0.072410389781
-0.147880539298
0.074313275516
0.149509087205
-0.0881825312972
-0.0281245037913
0.0929755344987
-0.119995951653
-0.0936792194843
-0.0636230111122
-0.104916781187
0.0679954364896
0.0192206948996
0.0839145034552
-0.107591867447
0.057387303561
-0.0505123063922
0.00741088064387
0.0017464866396
0.1067500934
0.0232035275549
0.0620692670345
0.0831556543708
-0.0843717008829
-0.0251049958169
0.213700056076
-0.00781756639481
0.149057298899
-0.0713249370456
-0.0799595192075
-0.0967172831297
0.0938162654638
0.101935915649
-0.0999958589673
0.00359509373084
0.00555393798277
0.0464226976037
-0.0245814416558
0.125586792827
0.063430711627
-0.0423360392451
-0.00454505626112
-0.0828038826585
0.0446306169033
0.0408201850951
0.0445660836995
-0.126173749566
0.0985218435526
0.0768292546272
-0.00298436568119
-0.0193388238549
-0.063462138176
0.0430410690606
-0.106726758182
-0.102733828127
0.0332265160978
0.0689799115062
0.035041783005
-0.0901141092181
-0.0977561622858
0.03105892241
0.120729275048
-0.0231708902866
0.0177343916148
0.00943539943546
0.0107824234292
-0.129402965307
-0.0831713378429
-0.0363060683012
0.0556527636945
0.00154867640231
-0.0387634970248
0.0810876265168
-0.0158373229206
0.117573775351
0.0283261500299
0.13261705637
-0.0389595925808
0.0236004609615
0.0181916374713
0.163441479206
-0.00792870484293
-0.0199550110847
-0.0158372912556
0.115334890783
-0.0287820305675
-0.0703880861402
-0.067436017096
0.109242610633
0.0309746582061
-0.0903078764677
0.138316258788
0.0345296524465
0.148773312569
0.060801461339
-0.0714941769838
-0.0287883337587
0.0228524897248
0.0387648046017
0.0396244041622
-0.0426447540522
0.0812799930573
-0.0786313638091
-0.102020569146
0.0577677004039
-0.116114251316
0.0628585666418
0.0847567096353
-0.0543167479336
0.14520175755
-0.0817567259073
0.095194414258
0.0434264391661
-0.0104713719338
0.00897902529687
0.060699686408
-0.00120510743
-0.0899507850409
-0.0547605194151
-0.0418495237827
-0.0588898025453
0.00134312931914
0.034354314208
0.0405947491527
-0.0335168838501
0.0598137788475
-0.0278812609613
-0.0211656112224
-0.0494486317039
-0.040230769664
0.0431286282837
-0.0198189336807
0.187854334712
-0.157737672329
0.0980285480618
0.0904788821936
-0.0467172674835
-0.105559289455
0.0881443470716
0.0858942940831
0.0199029836804
-0.112154923379
-0.0130440350622
-0.0728428438306
0.0259247403592
-0.0546246170998
-0.0994814708829
-0.0692844390869
-0.0689697340131
0.0443732514977
-0.0650643333793
0.0795402079821
-0.0671647712588
-0.00147828913759
0.0905278101563
-0.0235879607499
-0.0281840134412
0.0451715104282
0.00867136009037
0.0477612242103
0.00351919559762
-0.137012124062
-0.068807169795
0.0548191703856
-0.0587172359228
0.0334685891867
-0.00621302099898
0.00921328365803
-0.0373364500701
0.0508951731026
0.0728257372975
0.00371849397197
-0.0313682481647
-0.0888652428985
-0.0618455223739
0.168147623539
-0.0483436174691
-0.040807377547
-0.0117406053469
-0.00565583910793
-0.0532613620162
0.00481417402625
0.07941942662
-0.0615230575204
0.0763006433845
-0.00822897907346
0.0661064758897
-0.0633007287979
0.00574798556045
0.130369603634
0.0551963560283
-0.103176869452
-0.00495824264362
0.0297875162214
0.0313807241619
-0.0554942078888
-0.142828434706
-0.0461136549711
-0.069667853415
-0.035662278533
-0.0498862303793
0.00287542771548
-0.0376369841397
0.204433470964
-0.00365434004925
0.0448017194867
-0.0350979790092
0.0664250478148
0.0544791780412
-0.07521250844
-0.0480323322117
0.118884883821
0.0451977401972
0.035596203059
-0.00176178710535
-0.0959752351046
-0.0455444827676
0.0365151539445
0.0618697889149
-0.0546199977398
0.0963977277279
0.00235366565175
0.0208908244967
-0.109826944768
-0.0204822644591
-0.00654726661742
-0.0971940532327
0.0592710860074
0.0724731832743
-0.147106155753
-0.0571546629071
0.0824472159147
0.0348593108356
0.108539193869
-0.15149320662
0.00718990713358
0.0874863564968
-0.0764592289925
-0.0436824187636
-0.00853978376836
0.00334539497271
0.0146936187521
0.0507073439658
0.114235304296
-0.152942746878
-0.0401838645339
-0.0484083108604
0.038495361805
-0.0244625862688
-0.0711339786649
-0.0833056569099
0.0158730428666
-0.0209979265928
0.00590809620917
-0.11133761704
0.0723596736789
0.00801158323884
0.0324670895934
-0.041070047766
-0.00634404318407
0.0909834727645
-0.0526339374483
-0.00531286979094
-0.0664681941271
-0.0206449404359
0.0107715083286
0.0491444058716
0.0268595740199
-0.094981238246
0.0685710310936
-0.0295819994062
-0.0400599986315
0.113499924541
0.00318872649223
0.00602431129664
0.0277063883841
0.0728403255343
-0.0898759961128
0.0705847591162
-0.020769149065
-0.0720079913735
-0.0187798440456
0.0652265027165
-0.0524183548987
-0.0603340603411
-0.0990531146526
0.0224132426083
0.0122079066932
0.0610673129559
-0.0230244100094
0.0784225165844
0.0970948785543
0.0440514050424
0.0102529348806
0.0220121927559
-0.0683420822024
0.0912700518966
0.104301035404
-0.0820850357413
-0.0282582044601
0.0593844726682
-0.0144739402458
-0.0666042417288
0.0556793175638
0.0166264623404
0.0783407688141
-0.00307289068587
-0.0159470271319
-0.0484467446804
-0.069404438138
-0.0935587212443
0.0954386591911
0.00978790130466
-0.0664300024509
-0.0537285320461
0.141370818019
-0.0380807109177
-0.137820109725
-0.0214965771884
0.0894720107317
-0.0729098021984
-0.0373644903302
0.00733732106164
-0.000495533226058
-0.0127435196191
0.0784770697355
0.150518774986
-0.0636495277286
-0.0945942178369
0.0807325690985
0.0162678118795
0.107170537114
0.0269552432001
-0.0604020617902
0.0338675528765
-0.0648254230618
-0.0399906076491
-0.0825504288077
-0.00116889877245
0.0708625689149
-0.0664098113775
0.0188934132457
-0.069393672049
0.0325014963746
-0.0604552999139
0.0569674782455
-0.0329396165907
-0.0353344865143
0.0105702932924
-0.003418055363
0.104848489165
-0.0709290876985
0.0905944108963
-0.0197656545788
-0.0409501418471
0.103107124567
0.0942372381687
-0.0705104917288
0.0174927953631
-0.00621280353516
0.00650899251923
-0.0684320628643
0.175311371684
-0.0236563831568
-0.114165022969
-0.0663976222277
0.0649429410696
0.10522415489
-0.0208661127836
-0.066068790853
-0.0367288403213
0.177079051733
0.0142066525295
0.00241900072433
0.0271070711315
0.0276881717145
-0.0545273795724
0.187417507172
-0.0722102895379
-0.167076379061
-0.0562143363059
0.110306866467
-0.104919314384
-0.0377772524953
0.0730221793056
-0.0415274351835
0.0251373220235
-0.0929100811481
0.0193632375449
-0.013381909579
-0.0917265415192
-0.0156055605039
0.0743147283792
0.0315447486937
-0.0804552659392
0.0273924395442
-0.0357649698853
-0.0381623320282
-0.0280563887209
0.0652227327228
0.0572209134698
-0.0512190796435
-0.034155856818
-0.0400250330567
-0.0517489723861
-0.159966409206
0.0921769216657
0.0550561361015
-0.100128181279
0.0680447891355
-0.0419686287642
-0.0298549439758
-0.137413784862
-0.110558837652
0.0129599729553
0.00939808506519
-0.0208473671228
0.0633972808719
0.0895279347897
-0.0363964214921
0.0561093054712
-0.109267778695
0.0216444674879
-0.00733637018129
0.0436026491225
0.101012736559
0.0754507854581
-0.0782800540328
-0.072736993432
-0.202139124274
0.0325941666961
0.106032080948
0.131096497178
0.0293559655547
0.0611500740051
0.00285676890053
0.0627286285162
0.0226217005402
-0.104184255004
-0.00560552626848
-0.159333989024
-0.0873972252011
0.0798255875707
0.0163325183094
0.0704278871417
-0.0770662501454
0.109183557332
0.0796814262867
-0.0414530411363
0.0725889056921
-0.0762657374144
-0.0734615549445
-0.00950343348086
-0.0825227871537
0.0302845966071
0.0823066160083
-0.076508641243
0.0837012529373
0.0441561639309
-0.0114690586925
-0.0342159457505
-0.107553437352
0.171734824777
-0.0591997951269
0.092997007072
0.14089076221
-0.113839522004
0.10393191874
0.152648389339
0.1232040748
-0.0757200196385
0.199723720551
0.0111718261614
0.0510035939515
0.00342503166758
-0.100564822555
-0.0301906149834
-0.0341826975346
-0.00459757773206
-0.024351881817
0.014514490962
0.00967660639435
0.0940238833427
-0.00997493229806
0.0240197479725
0.0743748545647
-0.00427441205829
0.0292236376554
0.0441831983626
0.03810088709
-0.022649621591
-0.054814234376
0.0288326311857
0.0563952252269
0.0835308358073
0.0533226057887
0.0874792337418
-0.0761307403445
0.0543264262378
0.0271425303072
-0.0833760723472
-0.102033525705
-0.0290509853512
-0.0243938937783
0.0749333053827
0.0220846068114
0.00640782993287
0.0594728924334
0.0264407843351
-0.100184388459
0.0510919541121
-0.092519775033
-0.0399633646011
-0.0933632776141
0.048547770828
0.048156734556
0.0230892095715
0.0154543463141
-0.00318191084079
-0.0627558678389
0.221118196845
0.0485648326576
-0.0252814423293
-0.0508565679193
0.00367937027477
-0.0982575193048
-0.0752836316824
-0.122593231499
-0.0434023998678
0.0743875429034
0.0269670113921
-0.0621084980667
0.0868422836065
0.142172023654
0.0146209578961
0.165961101651
-0.0506444238126
0.0924290642142
-0.0582992695272
-0.0563523843884
-0.124369598925
-0.0401565395296
0.0176468715072
0.0143921608105
-0.0323233343661
0.0399707257748
0.0229244232178
-0.0817652344704
-0.170018404722
-0.0248093511909
0.0199034642428
-0.016386186704
0.0368523262441
-0.0318265408278
-0.0616745948792
0.027479544282
-0.0258743707091
0.0168537162244
0.0840866044164
-0.0388192199171
0.023414561525
-0.0697938278317
-0.125886902213
-0.00148637080565
-0.0381329022348
0.0475924573839
0.0793537646532
0.00880350638181
-0.0772519409657
0.00470721116289
-0.0362079069018
-0.078951574862
-0.0340158566833
-0.036307323724
-0.0119447950274
-0.0913512930274
-0.00483525823802
0.0163166355342
0.00355980475433
0.000374555645976
-0.0904819369316
0.060028411448
0.122527562082
-0.0613446645439
-0.0606558769941
0.000868667615578
0.0188610833138
0.0181342549622
0.0594584643841
-0.095742046833
0.0443910248578
-0.0724831447005
-0.0201379600912
0.0375502817333
0.0316695198417
0.0595186911523
0.0977027341723
-0.00960425194353
-0.0446868389845
0.0407959036529
0.028738444671
-0.0757686942816
0.0194151457399
-0.00715666543692
0.0733897611499
-0.00676410039887
0.0113618513569
-0.0208717864007
0.00535091990605
-0.135503768921
0.171032935381
0.121131554246
-0.0214447118342
-0.0627661123872
0.0383386984468
-0.0965129882097
0.0112658077851
0.0522663332522
0.0372005291283
-0.0648456290364
-0.0111134229228
-0.038192383945
-0.0380006246269
0.0152682559565
-0.00795546174049
-0.0209015924484
-0.108629688621
0.101158224046
-0.037768509239
0.0194606985897
-0.0539091825485
-0.0426744446158
-0.0334645174444
-0.0862844511867
-0.0507240816951
0.0772632956505
-0.0498632341623
0.0824385434389
-0.136713549495
-0.00279451929964
0.00936982780695
-0.00873025972396
-0.0235273409635
-0.0231329407543
0.120646096766
0.0455821827054
-0.0800089165568
0.101872198284
0.0220441482961
-0.0117363929749
-0.145822927356
0.0178986266255
0.00685408897698
0.0114478431642
0.00781848747283
0.0863151624799
-0.0401947014034
-0.0165456049144
0.0648512840271
-0.0167323499918
0.0102735757828
-0.0115428026766
0.0645643472672
-0.00895592849702
-0.0220751743764
0.0170742105693
0.0482216849923
0.0169530939311
-0.056644435972
-0.0401183776557
0.0470148734748
-0.0297574587166
-0.0422964692116
-0.0202130731195
-0.0154462484643
0.0625753030181
0.0162416622043
0.0946745872498
0.0957971438766
0.0973516255617
0.149871855974
0.0355866029859
-0.0296159237623
0.119847357273
-0.109941713512
-0.026922410354
0.0744920298457
0.080262452364
0.0435500629246
0.0302899759263
-0.133089229465
0.14409057796
-0.086304962635
-0.0139093417674
-0.00577254593372
0.0753199085593
0.0201343167573
-0.0886525884271
0.0584004148841
-0.00371149624698
-0.0262080598623
0.0368671603501
0.0187222361565
-0.0813585147262
-0.0710265338421
0.0975987762213
-0.00546875037253
0.0590812563896
0.134911328554
-0.00700047146529
0.0537008605897
0.00657487707213
-0.0114280162379
0.0621937848628
0.0146855060011
-0.0586965978146
-0.0678340345621
-0.0375619791448
-0.0409253872931
-0.0724005326629
-0.0573600456119
0.11238488555
-0.160368099809
-0.0409185178578
0.00770826358348
-0.0502996742725
0.0548627898097
-0.0199228264391
-0.0333778634667
0.166275084019
-0.0756484419107
-0.0254304558039
-0.104635283351
-0.00315795862116
0.124233171344
-0.0487518422306
0.0214264839888
0.0945485681295
-0.0657876059413
-0.0966507270932
-0.0518650077283
-0.0651728361845
0.00186572596431
-0.0457530133426
0.21869276464
-0.0337133891881
-0.0653168037534
-0.0527125224471
-0.00576384039596
-0.144911035895
0.00264657312073
0.161768510938
-0.066966868937
0.114369548857
0.0393771007657
-0.14495177567
0.0187806636095
0.0343263857067
0.0610305406153
0.0746334269643
-0.0417875833809
0.109140217304
0.0878309831023
0.13219229877
0.0188458375633
0.018307318911
-0.0765858963132
0.242838457227
0.0329137519002
0.0145750977099
-0.00890055950731
0.0351628772914
-0.129836514592
-0.0115137929097
0.0860570669174
0.0413428544998
-0.025803739205
-0.0686086043715
0.0390696935356
0.00184975995217
0.0822371095419
-0.0111459670588
-0.0345655865967
-0.00766168069094
-0.0248769875616
-0.158846274018
-0.082508020103
-0.0220157857984
0.0663889050484
0.0962012708187
-0.0126356277615
0.111252129078
-0.0182086415589
-0.0836889445782
-0.034105155617
0.115884251893
-0.0261298622936
0.00515794567764
-0.0411237217486
0.0224113240838
0.0252109598368
0.126734614372
-0.0414328053594
-0.0644622817636
-0.0838153660297
0.0218222234398
0.0141642708331
0.0321945212781
-0.0272376872599
0.0712985321879
0.0400383472443
-0.043062902987
0.0991962626576
0.160026624799
-0.052999868989
-0.0837679728866
0.0322696268559
-0.111017748713
0.072450555861
0.128386825323
0.141106158495
-0.117369383574
-0.0468693263829
-0.038653280586
0.0128351449966
-0.0602200888097
-0.0611599944532
-0.0315532945096
0.0705313831568
0.000608117028605
0.112648747861
-0.1404953897
-0.050837982446
0.0656304657459
0.0574449189007
0.0491104163229
-0.0160421635956
-0.0144514068961
-0.0242384821177
-0.059012632817
-0.0238514095545
0.00927338562906
-0.0408746153116
-0.0157576091588
-0.0821708142757
0.00351525051519
-0.0665481835604
-0.0753259956837
0.00213007745333
-0.04357637465
0.0354486256838
0.0468370504677
-0.0906395316124
0.0985887050629
0.0165960881859
-0.0967822149396
0.0608388446271
0.109973557293
0.0473292432725
0.103436604142
0.0786519795656
-0.0363662354648
-0.0741211548448
-0.0748433992267
-0.0376089699566
-0.0590994916856
0.0152645660564
-0.0574754551053
0.0240883138031
0.0557551011443
-0.0478624999523
-0.060732588172
-0.0433970056474
-0.00534909544513
0.00934678968042
-0.0894587486982
-0.00897702667862
0.0362059138715
0.00629072356969
-0.0581822246313
-0.118431761861
0.00679646339267
0.173321083188
0.0429361537099
-0.0800976753235
0.0655057579279
-0.109431475401
0.0412068404257
-0.0240892898291
-0.121157072484
-0.00251891091466
-0.0355166904628
0.0653847977519
-0.102781705558
0.0160983689129
-0.043637868017
0.00987342745066
-0.0623519681394
-0.04149704054
-0.0313680171967
-0.0746795088053
0.0200053881854
0.0124995298684
0.0188783239573
0.0223652385175
0.00270566344261
0.0696215629578
0.0842235162854
-0.101476363838
0.0496114678681
-0.0743636786938
-0.107870914042
0.127192467451
0.128915175796
-0.170053943992
-0.0228625535965
0.0447445511818
-0.134350508451
-0.0399483367801
-0.0600242055953
0.0968166142702
0.052126146853
-0.078381948173
0.0870812609792
-0.0846850126982
-0.077651552856
-0.0068451454863
0.0175532978028
0.0287424251437
0.121229223907
0.0248945374042
0.0359404496849
-0.140116617084
-0.0539486072958
0.0602313131094
-0.00819403212517
-0.0262579098344
0.0417053960264
0.0416197925806
-0.0098130479455
-0.00306982686743
0.0299526210874
0.0557301566005
0.0142061673105
-0.104653216898
0.0550503917038
0.165507778525
-0.0759779587388
-0.0376412421465
0.111695960164
0.0250030178577
0.00144125020597
0.027935616672
-0.0829394608736
-0.0536404699087
-0.137728869915
0.0284609068185
0.109099507332
-0.137696176767
-0.0459456667304
-0.0970299616456
0.0980791002512
-0.110208339989
0.0290324967355
0.0457957647741
0.128541216254
0.108895890415
0.0546867027879
0.0621755421162
-0.0446085967124
0.0191274564713
-0.0307291615754
0.0587406568229
-0.07642146945
0.0160011220723
0.0375689417124
-0.0245653688908
-0.0109869576991
-0.0781771093607
-0.00867194309831
0.0465523600578
-0.00529010687023
0.045665550977
-0.0760215744376
-0.0266620405018
0.0421955287457
0.150684729218
-0.0535938553512
0.0175129715353
-0.0622522644699
-0.0775630027056
-0.0689710229635
0.15503385663
-0.0325117446482
-0.0854102522135
-0.0429212413728
-0.00122873415239
0.000250505254371
-0.0268289614469
-0.0949689373374
0.00841925572604
0.0780268982053
0.108135260642
-0.0554456561804
0.0567645765841
-0.0710449293256
0.0388899594545
0.00219455664046
0.0660040527582
-0.0698884353042
0.0351301394403
0.0230491477996
-0.00220039882697
-0.00557666178793
-0.0218708943576
0.0706353113055
-0.00408129440621
0.0244919564575
-0.0963518768549
-0.00729652913287
-0.0539697036147
-0.0269212592393
0.0412768013775
-0.031267516315
0.0308704487979
-0.130749166012
0.0249190256
0.0887468755245
-0.0295160505921
0.101598143578
0.0206140987575
-0.0368003845215
0.0452870242298
-0.0269857365638
0.0274981353432
-0.0480377413332
0.0076812072657
0.00202953000553
0.209770917892
0.0740233287215
0.00722384313121
-0.0905837193131
-0.168895572424
0.010079709813
-0.0454296208918
-0.0709487572312
0.0673550441861
-0.154569804668
0.121014147997
-0.000346950633684
-0.101401187479
0.0401738844812
0.202672421932
0.0905913114548
-0.0211684796959
-0.0499045550823
-0.0601797178388
-0.0145989954472
0.12525062263
0.109389156103
0.00705903628841
0.135946124792
0.0988916680217
0.0751882791519
0.00885145552456
0.00440310733393
0.0575085170567
-0.0552064292133
-0.0133439050987
0.0800802260637
-0.0239721387625
0.0751743391156
-0.133558243513
0.0269779954106
-0.0724880695343
0.0604268796742
0.06557828933
0.0120902797207
-0.0163541976362
0.0582308545709
-0.158528089523
-0.121782168746
0.0239274650812
0.0180661603808
0.0317205712199
0.0327934138477
-0.0205034054816
-0.174679771066
0.0908606126904
0.0634693056345
0.036380417645
0.0495489574969
0.016953477636
-0.0663361251354
0.0355920642614
-0.00592175731435
-0.158122360706
0.101584464312
-0.094777956605
-0.0585558749735
-0.0596747249365
-0.0684079751372
-0.119690164924
-0.0834932550788
0.0330695472658
0.076652571559
-0.12676538527
0.0833721756935
-0.0085175447166
0.0982948467135
0.0475898310542
0.0121023105457
0.0194439031184
-0.0204893443733
0.0606689676642
-0.100216343999
0.0238769520074
-0.00248985551298
-0.0308676101267
-0.0293920058757
0.0201489757746
0.0453417673707
-0.015390551649
0.061324249953
-0.070083424449
0.00785747542977
0.068601205945
-0.00417191581801
0.10539522022
-0.0605141632259
-0.0185383167118
0.0438897907734
0.0330787152052
0.116294406354
-0.0284209083766
-0.0268256943673
-0.0471784025431
-0.0228880979121
-0.00911395531148
-0.0978016778827
-0.0643561631441
0.0449297167361
0.0488590598106
-0.0722700059414
-0.0885260626674
-0.0473851002753
-0.0807953700423
-0.0867908969522
-0.0500044822693
-0.0450390055776
-0.0463446862996
-0.176191598177
0.0787508189678
-0.0140100680292
-0.10147741437
-0.0815202370286
0.0513677150011
-0.024648308754
-0.180330127478
-0.0794367194176
-0.0587984286249
0.105936728418
0.120601654053
0.0429285727441
-0.0664695575833
0.0520787313581
0.0279253944755
0.0779147073627
0.0422451868653
0.081499747932
-0.0733151435852
0.0211045481265
-0.0257945675403
-0.015065619722
-0.0847844779491
0.0281142834574
-0.00818788725883
-0.0372260548174
0.0587257705629
0.0846294462681
0.109730571508
0.0806720405817
-0.0664945542812
-0.0157791730016
-0.122957222164
-0.0957838967443
-0.045338101685
-0.149046227336
0.00986907724291
0.0288776960224
0.0125042553991
-0.0551897659898
0.109918117523
0.116221360862
-0.0502689927816
0.00594029622152
-0.123163543642
-0.0730289965868
0.057920280844
0.054735481739
-0.0296423844993
-0.00392950186506
0.0861007422209
0.0574643351138
0.108348108828
0.0609975606203
0.00376860448159
0.0821973159909
0.00678794039413
-0.0317923203111
0.0451247096062
0.130819052458
-0.0270679481328
-0.180982217193
-0.00372041296214
0.0377416424453
0.0629853531718
-0.0538265705109
-0.00590538373217
0.0974983051419
-0.0205541737378
0.0450083129108
0.0854980424047
0.058835580945
0.0377691425383
0.017015973106
-0.128392741084
-0.00383807718754
0.112334705889
-0.0883807167411
-0.039992839098
0.0594596900046
0.0345690920949
-0.0941341593862
-0.00083894416457
-0.105255663395
-0.0594086311758
-0.0658176019788
0.0121885593981
-0.0364391133189
-0.117155015469
-0.0420888476074
0.0974195972085
0.0589604452252
-0.17829541862
0.0870755016804
-0.0382488891482
0.0645607337356
0.114436358213
-0.090106099844
0.0721247717738
-0.0312737450004
0.115228489041
0.00813168194145
0.065061673522
0.0342163927853
-0.0384305976331
-0.0193382520229
-0.00788790825754
-0.0338998623192
-0.0643139630556
0.0380904488266
-0.0680888295174
0.0323001742363
-0.0437989905477
0.0436892993748
0.00873646698892
0.1679610461
0.14578139782
0.144928485155
-0.0698353797197
-0.0784163400531
-0.100802570581
0.00876350514591
-0.0633075013757
0.0562772788107
-0.0471461080015
0.00676546059549
-0.01004736498
0.0669717565179
0.0540784299374
0.0465231686831
0.0300794336945
0.0349991992116
-0.0678263530135
0.00328478892334
-0.0333318114281
0.0508774369955
-0.03039970994
0.0270902048796
0.00407029269263
-0.0338868126273
-0.0315897203982
0.0843873172998
-0.0225046239793
0.0431210659444
0.0465743765235
-0.120540119708
0.0966398343444
0.0440722033381
-0.0245899036527
0.0798946842551
-0.0123280575499
0.0349277369678
0.23450961709
0.0591665431857
-0.0393123924732
-0.0279950387776
-0.0333630517125
0.051433108747
0.0167832560837
-0.0945945978165
-0.0625870376825
0.0471996627748
0.0209484919906
0.0836884155869
0.250079751015
0.00787744671106
0.107680357993
-0.047198895365
-0.088100425899
-0.0373678132892
0.0123739456758
0.047289069742
0.0416885875165
0.0933886542916
-0.00832056067884
0.0260202214122
0.0371494926512
0.128881677985
0.0639470294118
0.0306302402169
-0.0453200526536
-0.0311742890626
0.0327249765396
-0.0286926627159
-0.0632709339261
0.0624021738768
0.0511721745133
0.011118886061
0.0434592217207
-0.0456033051014
0.0821781381965
0.0259232893586
0.0242849588394
0.067881166935
0.087546646595
0.000137630486279
0.0242484435439
0.0642297267914
0.0324778333306
0.0707836151123
0.125185355544
-0.0344412438571
0.0677640512586
0.100416839123
0.0698408633471
-0.0175823997706
-0.0197624303401
-0.03443159163
-0.0551269091666
0.0540497638285
-0.104671530426
0.00887848902494
0.107159972191
0.0378431640565
0.0529100820422
0.0643049180508
0.0454479157925
-0.0537377633154
-0.0572349280119
0.182897478342
0.0740893185139
-0.109734728932
-0.00055835879175
0.0742725506425
0.0810647755861
-0.00586408283561
-0.0863199606538
0.139819890261
-0.0329283364117
-0.0247268583626
0.0560872107744
0.0404308475554
0.0908658728004
0.150515854359
0.0792958363891
-0.0335302241147
0.0129868211225
-0.0185366645455
-0.0767232775688
0.0100524341688
-0.0584271587431
-0.0471621826291
0.0440599285066
0.0178543720394
0.0732912197709
-0.0156181957573
-0.0198105089366
-0.055273540318
-0.0480457022786
-0.0270420797169
-0.116747543216
0.0551186986268
0.0312902182341
0.102216683328
-0.123690195382
0.045887645334
-0.127040892839
0.0522068962455
-0.0483607687056
0.0893054455519
0.0952482298017
-0.0235288348049
-0.0355710871518
0.0382693596184
0.0430990681052
0.0177477970719
0.0628195330501
-0.021978136152
-0.163882493973
-0.0613692365587
-0.0203806906939
-0.0216674432158
-0.0493221692741
0.161164879799
0.0130760101601
-0.107218459249
0.0835309773684
0.095622703433
0.0939370915294
-0.0461141690612
-0.0519762933254
0.0329582318664
-0.10011933744
0.130833640695
0.020394930616
-0.023888990283
0.0337514281273
-0.019409339875
-0.0410227924585
-0.0267685465515
0.0146895600483
-0.0607953369617
0.0308795440942
0.0901623666286
-0.0111098978668
0.0258477237076
0.039543621242
0.012757291086
0.0768196433783
0.0104178944603
-0.060848288238
0.0235902294517
-0.0568374544382
-0.100665293634
0.0930369496346
-0.095430329442
0.0887550488114
-0.0816058218479
-0.0176072902977
-0.0550687685609
-0.0577502399683
-0.0112414481118
-0.10441608727
-0.150082573295
0.0941019877791
-0.0484945550561
0.0412619039416
0.0723058879375
0.0241731461138
-0.10198533535
0.000770279031713
0.0587091483176
0.120309643447
-0.080640502274
-0.0612503811717
0.0773371756077
-0.0344614312053
-0.106066115201
-0.0825374498963
0.0830900222063
0.0635997503996
-0.0122732790187
0.0718715190887
-0.124123439193
0.0174823701382
0.016810933128
0.0823149234056
-0.0905443057418
0.0567141138017
0.0900655537844
0.0226804204285
-0.0666699334979
-0.0230006165802
0.0825019106269
-0.0975719764829
-0.0417836159468
0.0175459682941
0.0660139322281
-0.0467147156596
0.0870168581605
-0.0169805623591
-0.0971683040261
0.0208126865327
0.0173926018178
0.0484575293958
-0.0591823421419
-0.0524447709322
0.111762061715
0.0280000567436
-0.0996127203107
0.00356079335324
-0.0602837726474
0.0707399398088
0.0326284021139
-0.0230818092823
-0.00938101205975
0.0176207274199
-0.0699542537332
0.0933050885797
0.0191748291254
-0.0783727914095
-0.136433497071
-0.0433085784316
-0.0253225266933
-0.0122528569773
0.0141963688657
0.0181001983583
-0.0978983417153
-0.0370921231806
-0.0598320402205
-0.0805980786681
-0.0309388134629
0.0722211897373
-0.120084911585
-0.121148884296
0.0231238603592
-0.0836025103927
0.0326686315238
0.101404182613
0.064374551177
0.136310756207
-0.0518192127347
0.0338486135006
-0.0620888508856
0.0465206317604
-0.129937157035
0.0836751461029
-0.0416018366814
0.0122078312561
-0.0830083563924
-0.150837317109
-0.0447553880513
-0.0264740921557
0.0167901590466
-0.0307164844126
-0.026484541595
0.0330947674811
0.0467610470951
0.0343606807292
0.0336686484516
0.148658141494
0.0579533055425
-0.0193552561104
0.00749143818393
0.0488391853869
-0.0827177762985
0.0748717710376
-0.0129694025964
0.0607888549566
-0.0311605706811
0.0200727842748
0.0984098613262
-0.0582786910236
-0.0555678643286
0.0430911332369
0.0268882159144
-0.00164112180937
0.060177449137
-0.0977237597108
-0.12318252027
-0.0769384801388
0.0297726131976
-0.0641143098474
0.0675066411495
-0.00724465493113
-0.0751879513264
-0.124410897493
-0.0307098235935
-0.050461884588
-0.0937002450228
-0.0161910206079
-0.0283038150519
0.0458830632269
-0.023710437119
0.0254304613918
0.0636733695865
0.0812451317906
-0.0852874815464
0.0115789063275
0.0495367608964
-0.0279851406813
-0.0361424572766
0.0893307626247
-0.0654686167836
0.0692060813308
-0.000609518261626
-0.0056904735975
-0.0889706760645
0.0547770150006
-0.113143011928
-0.0234405379742
0.0342670530081
0.0384345799685
-0.0580847337842
0.0304503608495
0.0568926222622
0.00862269196659
-0.035382732749
-0.0596949122846
0.0250174179673
0.116544410586
-0.00732063082978
0.0526330694556
0.0536472909153
0.167321652174
0.076025120914
0.00584250921384
-0.0253625027835
0.00407978519797
-0.0451209172606
-0.0296379681677
0.17382594943
-0.0611128397286
-0.0119005749002
-0.00355799938552
0.0531776957214
0.0387696251273
-0.0135826105252
0.0439041517675
-0.0512340441346
-0.0621480122209
-0.0134605513886
-0.084260687232
0.0629934594035
0.00868366286159
-0.103132382035
-0.0510776415467
-0.0134406732395
-0.0871579423547
-0.0558221302927
-0.0693176686764
0.000588847906329
-0.0752120241523
0.0681177228689
-0.0295781232417
0.0240602083504
-0.146184787154
-0.0934161245823
0.0680024772882
-0.056719545275
-0.0324071384966
-0.00260918214917
0.150687411427
-0.0634573847055
-0.0668199062347
-0.0566531792283
0.0512257367373
-0.034707646817
-0.0613654777408
0.0314075984061
-0.0347980894148
-0.0573266781867
0.100306384265
-0.096255235374
0.0890431404114
-0.0727997869253
0.00503263622522
0.0122319897637
0.0722958445549
-0.0356737300754
-0.0466028936207
-0.0123567823321
-0.108099013567
0.0493180155754
0.0295574758202
0.0449349842966
0.00774543778971
0.061980932951
0.041654266417
0.00300043425523
0.00347280199639
-0.0620216876268
-0.0584065243602
0.0491757839918
-0.0936027690768
0.0438743941486
-0.0571762956679
-0.0265446808189
0.0119188986719
-0.0718907043338
0.0121978344396
-0.0838526636362
0.0433220565319
-0.0196214001626
-0.00122063746676
-0.0554151944816
0.00917090196162
-0.0201182048768
-0.036761123687
-0.0478553138673
-0.0754773020744
0.0331258028746
0.0493143722415
-0.115390174091
-0.0292204879224
-0.0305602047592
-0.0220116879791
0.00735324900597
0.0634171292186
0.00426020007581
0.0311655923724
0.164315611124
0.0151418764144
-0.00105318648275
-0.0154448216781
-0.00810015853494
-0.0215890370309
-0.0422356836498
-0.0270060356706
-0.0685956180096
0.0149534102529
-0.035473972559
0.13932351768
-0.0068329796195
0.0435762032866
-0.0183291230351
-0.0549358651042
0.059982445091
-0.112859919667
-0.0371056236327
-0.0421827584505
-0.0710842981935
-0.0607917569578
0.00921491067857
-0.0149042569101
0.0102201513946
0.0618433505297
-0.0365428365767
-0.0347326956689
-0.0249195080251
-0.112221501768
-0.00938027445227
-0.0324260778725
-0.0683962777257
-0.0449912622571
0.0240808147937
-0.0700525790453
0.00688511738554
0.0781145617366
0.0341345742345
0.0441850461066
-0.0602017119527
0.0434393286705
0.00261710840277
0.104917258024
-0.132643789053
0.133206084371
0.151508137584
-0.0120496330783
-0.0911609679461
-0.0253388471901
-0.0506703369319
0.092352412641
-0.147598534822
0.0264218393713
-0.109246410429
-0.0653765201569
0.111484028399
-0.0403977893293
0.00245351414196
0.0277359522879
-0.0124193085358
-0.0259365290403
0.0397108867764
-0.0859448835254
0.0234375223517
0.0942347720265
-0.0634154081345
0.0205566901714
-0.0108690960333
-0.122806489468
-0.0984317809343
0.0519124977291
0.0207400601357
-0.0392826423049
0.062616109848
0.129025906324
-0.0225370656699
-0.00382855953649
-0.0495988018811
0.0116732260212
-0.0046995957382
0.239487171173
0.00555255822837
0.10790656507
-0.0278288852423
0.00500662997365
0.0498655922711
0.027298906818
0.103748783469
-0.108938358724
0.0600523352623
0.149642422795
-0.122803606093
-0.16012622416
-0.0810165852308
0.0731734260917
-0.0501614622772
0.105365000665
0.0231363028288
0.0507412962615
-0.0644490793347
0.029309598729
0.0152675965801
0.0767950117588
0.154791146517
-0.0486751832068
0.0263110548258
0.103788726032
0.0612536109984
-0.0264353267848
-0.00394158950076
-0.023767342791
0.0484655760229
-0.0105993011966
-0.0621627569199
0.0383546091616
-0.00481141824275
-0.0700149014592
0.0252562854439
0.0265643838793
0.0732243284583
0.169689387083
-0.0970531105995
-0.0628753304482
0.0326167196035
-0.0178807862103
0.010917509906
0.0403350293636
0.0587932951748
0.000107445812318
0.0125357965007
-0.0363113135099
-0.0349158644676
0.0373306684196
0.131411999464
-0.0253879129887
0.076369471848
0.0445812754333
0.00685462774709
-0.133083537221
0.0804914310575
-0.0218202807009
-0.054645486176
0.0350771918893
0.0216852538288
0.0278615765274
-0.0960231125355
0.121000610292
0.00292443414219
-0.0830743908882
0.0892658904195
-0.116891436279
-0.0823337286711
-0.0153754409403
0.0164212323725
-0.00177697115578
0.0175947770476
0.0171029474586
0.0149509776384
-0.0608339197934
-0.00772160338238
-0.0391366221011
-0.0144656710327
-0.0630087554455
0.0310220029205
0.0487599410117
0.152773693204
-0.0192726384848
-0.0540116354823
-0.0668453127146
0.0527421496809
-0.132430061698
0.0130284065381
0.0013243611902
0.0903827175498
0.0610479861498
0.0767618268728
0.0470289438963
-0.0716696530581
-0.108499988914
0.0788390934467
0.0956359729171
-0.0516177415848
0.0929517000914
-0.0449554547668
-0.0117203220725
0.0456944815814
0.103501483798
-0.0125959776342
-0.103039592505
-0.0741856098175
0.0525367148221
0.101090781391
0.0209799073637
0.0420909933746
-0.0801565498114
-0.00395643245429
-0.0122871892527
0.0430587418377
0.0907918661833
0.082984097302
0.012208766304
-0.155896291137
-0.109322600067
0.146271288395
0.0375302731991
0.0307443961501
0.0687170699239
-0.0745395421982
-0.0459485538304
-0.0742180943489
0.0402170829475
0.134576037526
-0.0635426640511
-0.0712938755751
-0.0395405031741
-0.083331219852
0.0265055298805
0.197959899902
-0.00801434088498
0.0355205200613
-0.103240855038
-0.217340365052
0.0605736859143
0.0290640033782
-0.0709052011371
-0.021336004138
-0.0708106532693
0.0695217549801
0.0345349907875
0.0361685752869
0.0837871432304
0.0583184696734
-0.0927041918039
-0.102779068053
0.0189047493041
-0.0547019913793
-0.0432436950505
0.001520728576
-0.0485046617687
-0.092457279563
-0.00928480550647
0.0989293158054
0.00263858330436
-0.0921076908708
0.0392192080617
0.0581789128482
-0.0593691132963
-0.0326096005738
-0.0271442979574
0.0382394306362
-0.00609109271318
-0.0219668261707
0.0647437050939
-0.0126584786922
0.0693517848849
0.0015580697218
0.0605354681611
0.0513314567506
-0.0212357956916
-0.0557901114225
0.0501869395375
0.0486241467297
-0.00771897053346
0.0282797403634
0.00653598597273
0.0137983411551
-0.0709120258689
-0.0492052137852
-0.110630214214
0.113453641534
0.0658853277564
-0.0586128681898
-0.0091170379892
-0.0711951702833
-0.0648238062859
0.0111764045432
0.0585179664195
0.144891917706
-0.00607433915138
0.00904904771596
-0.0527617260814
-0.0271143093705
0.0314651541412
0.0189526639879
-0.0127579988912
-0.0815165266395
0.1236917153
0.0847305431962
0.0513402633369
0.0387048460543
-0.0257514808327
-0.0151870958507
0.0086594838649
0.0481064096093
-0.0283761713654
0.0900274589658
0.0459088049829
0.00894536729902
0.0556795857847
0.00887024309486
0.0756715610623
-0.0195714533329
-0.0907322242856
-0.132646262646
0.0399548225105
-0.00358644360676
0.222375735641
-0.00428407685831
-0.123784512281
0.0796423405409
0.0184178613126
-0.0961944833398
-0.0606369301677
-0.0604571439326
0.0568736568093
0.0280664023012
-0.0678823590279
-0.00101937062573
0.0635539069772
0.0478194653988
-0.0187193006277
0.065884873271
0.0500182621181
0.103858403862
-0.167812079191
8.88870417839e-05
-0.0681030228734
-0.0205206945539
-0.135668516159
0.0438984371722
0.106691777706
0.00129339087289
0.059730079025
-0.0289462544024
-0.0361819043756
0.0457155294716
-0.00974441599101
0.0957598611712
-0.0851454734802
0.0224288720638
-0.0335190817714
0.0625935792923
-0.0524550452828
0.00432013301179
-0.0521838590503
0.0235898457468
-0.0592140518129
-0.0588404871523
-0.0400773994625
-0.0110017796978
-0.0249377042055
0.0548523627222
0.0556310154498
-0.00767883518711
0.0458622612059
-0.0482905879617
0.0565352775156
0.0725043863058
0.0699597522616
0.0933407098055
0.00565529428422
-0.111379101872
0.0633033961058
0.053791038692
0.077546261251
-0.241183757782
0.0478158742189
-0.0890387371182
-0.11192997545
0.0618087798357
-0.0430610366166
-0.0456638745964
-0.124562434852
-0.0343087799847
0.0509822182357
-0.0126055283472
0.00718599651009
-0.0121987210587
0.0585789196193
0.0301649719477
-0.0609882287681
0.212484180927
0.110474936664
-0.0673236697912
-0.0532150864601
0.0610532015562
-0.011822684668
0.0719966888428
0.0555240362883
0.0778407379985
0.030670825392
0.0841233208776
0.0310307182372
0.0461414307356
0.0447406768799
0.124788574874
-0.0178053211421
-0.0113184805959
-0.162836059928
0.0775739550591
-0.0324349179864
-0.0210554301739
0.0883619785309
-0.0642349123955
-0.0415059663355
0.12917150557
0.0363144651055
-0.0581121332943
0.0308165345341
-0.0273321829736
-0.0677131861448
0.0697088614106
-0.0288871489465
0.0170991849154
-0.130062535405
0.0672109946609
0.0115852849558
-0.0047092884779
-0.0462454296649
-0.0024814105127
-0.0651502981782
0.00353364553303
-0.115677319467
0.143489271402
-0.0334409028292
0.0288540832698
0.0804506093264
0.0297658573836
0.0628573596478
0.000219209090574
0.0690693035722
-0.00380749022588
0.00551849463955
0.0997509732842
0.0289975814521
0.115060202777
0.0596599206328
0.0153621323407
-0.0048285513185
-0.052602596581
-0.149674862623
0.0235845930874
0.0469612404704
0.02861607261
-0.00180165632628
0.0445550717413
0.0614640489221
-0.0312418919057
0.0161525215954
0.125385463238
-0.0307388920337
0.0591112524271
0.02893653512
0.0972812250257
0.00561305694282
-0.00132081587799
-0.049158602953
0.0404988080263
0.0014172680676
0.0288886465132
0.111980415881
0.0303136650473
0.0772702619433
0.082721054554
-0.162968352437
-0.149521797895
-0.131800338626
0.0694591104984
-0.137685269117
-0.0488213934004
-0.0144061818719
0.0538012422621
-0.033289283514
0.0784348919988
0.0487942323089
0.0150026576594
0.0848353505135
0.0897676423192
-0.00523595372215
0.0381436981261
-0.0318260379136
-0.0673761814833
-0.0298012718558
-0.0550537183881
-0.129904076457
-0.072275608778
-0.0270626973361
-0.0199829004705
0.106234408915
0.0821770429611
-0.0359053984284
-0.0471881106496
0.059562381357
0.0225730650127
-0.105900935829
0.0630786344409
-0.0229390244931
0.0768016725779
0.134806543589
-0.150093406439
0.120447866619
-0.0711863338947
0.0451874881983
0.0439872555435
0.189745232463
-0.0167306531221
0.108208410442
-0.0485402531922
-0.0357031859457
-0.1806794554
-0.00757832499221
0.0913971140981
-0.0485092252493
-0.116771668196
0.0456019379199
0.00501680141315
0.00960272923112
0.1104644835
-0.111158318818
-0.0856236740947
-0.0679751262069
0.0628356561065
0.0424632579088
-0.00382225727662
0.0159230455756
0.0620824918151
-0.0236193686724
-0.0609538331628
-0.0890031754971
-0.00104543345515
-0.00700416322798
-0.0189003366977
0.0315875820816
0.0545701310039
0.149117067456
-0.026814000681
0.0170361381024
-0.043327499181
0.0393075160682
0.028398308903
-0.0564187690616
0.0828403457999
-0.0419310070574
-0.0254884883761
-0.130289509892
-0.0889897868037
0.0332641676068
0.10360109061
-0.0112111466005
-0.0487345606089
0.0501497909427
0.138621047139
-0.0596618466079
-0.0819155201316
0.126368686557
0.0126483822241
0.161553040147
-0.0527859814465
-0.0178750175983
0.0640944465995
-0.0245560314506
-0.0179047845304
0.0277885310352
0.0138254780322
-0.0313297957182
-0.102534115314
0.0546498931944
0.035722207278
0.0674855262041
-0.0488198213279
-0.0592291243374
0.0225636735559
-0.0374625064433
-0.0123459808528
-0.037705399096
0.0281923674047
-0.113999955356
-0.0746434554458
0.0491565652192
0.0374473668635
-0.0534068830311
0.0136793367565
0.0944138169289
0.0612236484885
0.030877482146
0.0410128310323
-0.00798016320914
0.133050337434
0.0541443936527
-0.115163594484
-0.126531302929
0.000381031626603
-0.156062558293
-0.0104695465416
-0.0367652028799
0.102419622242
-0.147754177451
-0.0389546900988
0.129564255476
-0.0506902933121
-0.0298953391612
-0.108974821866
-0.0464769490063
-0.0187046080828
0.0246681682765
-0.0100078620017
-0.0825430750847
-0.0237134955823
0.051967959851
-0.0879139378667
0.170823335648
0.0794810950756
-0.0549959614873
0.0653011500835
-0.0570641011
-0.062758795917
0.0933674946427
0.0208312701434
0.12103022635
0.123144164681
0.0788715928793
0.00180732773151
0.0275046117604
-0.0138400522992
0.043898448348
0.0471254549921
-0.00904865842313
0.0842440202832
-0.0163528639823
-0.0420138798654
0.080670453608
-0.0770980864763
0.0865346714854
-0.184460893273
-0.125504344702
0.00458896905184
-0.049991980195
0.0659446194768
-0.0249818135053
0.0568243972957
0.00722496490926
0.13852365315
-0.0671072527766
0.135250017047
-0.0127936676145
0.105553880334
-0.0964348465204
0.0257356986403
-0.0416881516576
-0.0443375259638
0.0300046075135
0.00481801759452
0.0823093876243
-0.0305179208517
-0.0173895973712
0.0226291045547
-0.0632900670171
0.064766600728
-0.0677981376648
-0.00769087905064
-0.0630044341087
0.168886974454
0.047828912735
-0.0659879148006
0.081044010818
0.0377805270255
0.156792759895
0.0839215070009
-0.0211920682341
-0.0536958687007
0.0703372955322
0.0303925406188
-0.0581102482975
-0.125363647938
-0.00908156111836
-0.1054995507
-0.0327797271311
0.0977832376957
0.13119803369
-0.0166739560664
-0.0262145791203
0.221510827541
0.0108531964943
0.0440954379737
0.113434523344
-0.0268804132938
-0.0258855652064
-0.0277385059744
0.00560088083148
0.00944526772946
-0.183136701584
0.00562755158171
-0.0472973100841
-0.0260755885392
-0.0217230785638
0.0707286596298
0.178927883506
0.0488826371729
0.0316749922931
-0.0421394109726
4.09307103837e-05
0.0978202596307
0.0338474474847
-0.0042361705564
0.0709937140346
0.0902701765299
-0.0179357584566
-0.058642487973
-0.0939728915691
0.138038471341
-0.084716334939
-0.0916521698236
0.108940072358
0.0762763246894
-0.0489433705807
-0.0224672537297
0.0445876792073
0.0088208289817
0.0773452669382
-0.0492916107178
0.0465287789702
0.103550411761
0.024492515251
-0.179172202945
-0.0875056385994
-0.0649347752333
-0.0371688306332
-0.0701477155089
0.0253561474383
0.0173427425325
0.0593871735036
0.0534896440804
0.0802270174026
0.0844070613384
0.0402425602078
-0.0300347395241
0.0408903844655
-0.0468689277768
-0.06129963696
0.0343216247857
-0.0736320391297
-0.133922100067
0.0155080407858
-0.0557183362544
0.0608067847788
0.0920891836286
-0.0204250458628
0.0414350479841
-0.025327404961
-0.108509108424
0.165155559778
-0.100942008197
0.118196085095
-0.116378620267
-0.000801380141638
0.057367362082
0.1269338727
0.0466615073383
0.0163189973682
-0.123149178922
-0.0256403125823
-0.0735986381769
-0.0250958763063
0.0383548028767
0.00629512546584
0.0553162619472
0.0648838952184
-0.104947626591
0.014452688396
-0.115455120802
0.216549113393
0.0204421523958
-0.0170990899205
0.0390811860561
0.0379308015108
0.0236005913466
0.00714277708903
-0.116110727191
-0.0585455931723
-0.0877635478973
0.0791396349669
-0.0404718443751
-0.0047173909843
-0.0606084540486
-0.0477429106832
0.0295164529234
0.0292877182364
0.0549922287464
-0.0527306012809
-0.0144114727154
0.123949311674
-0.0914501696825
0.0530851110816
0.0468161851168
-0.0123638119549
-0.113486237824
-0.0504176169634
-0.11522552371
0.0375376343727
0.132923349738
-0.0104397367686
-0.0843681320548
0.0306581426412
0.0452417507768
-0.00428823754191
0.079640135169
-0.0422975867987
0.069576151669
-0.141638025641
-0.166024491191
-0.00870333332568
-0.0189610105008
0.0751330405474
-0.0569934993982
-0.140579223633
0.046857714653
-0.0648617744446
-0.0354050993919
0.0091208089143
0.077597387135
0.0821297392249
0.108810342848
-0.0735737606883
-0.00674794474617
0.15950755775
-0.0568172000349
0.0693177878857
-0.0715327933431
0.0869376286864
-0.0209854152054
-0.0782216414809
0.0874426960945
-0.0237654559314
-0.0898516699672
-0.07202462852
-0.11662145704
-0.0367722734809
-0.062188025564
-0.0605811104178
0.0278998501599
-0.0457082465291
0.00317591195926
0.0562621280551
-0.0551659092307
0.0433068424463
-0.0330569706857
0.0938851162791
-0.0518750697374
0.000132317582029
-0.136813014746
0.0412281937897
-0.12005020678
0.0541645474732
-0.0729169547558
-0.00709459092468
0.0706801339984
0.058873899281
0.0899319127202
-0.149084836245
0.0387162975967
-0.0626773312688
-0.0547089613974
0.0148536609486
0.110201269388
0.0374894924462
0.114847637713
0.126632377505
0.032699059695
0.0887678787112
-0.117138639092
0.00900251138955
-0.0996500849724
0.105496242642
-0.0847642123699
-0.067768804729
-0.0768478736281
-0.0482928715646
0.0676264986396
-0.0146151743829
0.0732715278864
-0.0457783453166
0.0110005578026
-0.00944982189685
0.0143035631627
0.0202628728002
-0.0278111435473
-0.0758140161633
-0.0419558435678
0.0621157363057
-0.0519838295877
0.0233304891735
-0.0731680765748
-0.0820989534259
0.0870754569769
-0.0366143286228
0.0452097281814
-0.0239193905145
0.0100990748033
0.105040982366
-0.00380767066963
0.0267745088786
-0.00363191310316
-0.0411794222891
-0.0200241152197
-0.0406079292297
0.0224042572081
-0.0311913304031
-0.0139160742983
0.0184145662934
0.131588578224
-0.0847832784057
-0.0573986656964
-0.0869383737445
-0.11317717284
0.0686537250876
-0.111642703414
-0.0748874992132
0.0161056630313
-0.0104112038389
-0.00169873971026
-0.102537319064
0.0704194307327
0.142688885331
-0.025596762076
0.00317007489502
0.0156039586291
-0.0283181797713
-0.0333372838795
0.00197691656649
-0.0463675968349
-0.0249740313739
0.00786306802183
-0.0870074555278
-0.0574522130191
0.103384777904
0.000327704765368
-0.035623177886
0.0593240596354
-0.16352891922
0.0623729862273
0.0654696598649
-0.000573343830183
-0.106102339923
0.0912760645151
0.0183718577027
0.0331878513098
-0.0080337561667
0.0205465257168
0.108745642006
-0.0275002289563
-0.0665249228477
0.116259053349
0.027128290385
0.0899907946587
-0.0407098531723
-0.0905670970678
0.0552889928222
0.031090028584
-0.059386447072
-0.0711222365499
-0.113359242678
-0.0358044877648
0.0641913414001
-0.0977471917868
0.0612733401358
0.0196962617338
0.0646839737892
-0.0102684209123
0.113900527358
-0.0554457493126
0.0265184976161
0.0334536097944
0.113618507981
0.0799861997366
0.0880315899849
-0.0730118080974
0.00385547755286
0.00695038214326
0.0956557765603
-0.0869244784117
0.138974130154
-0.0184995736927
-0.0756890624762
-0.139036685228
-0.0856063514948
0.0364175476134
-0.0212703663856
0.068391725421
-0.0667081847787
0.0451708137989
0.0241713300347
0.0564615949988
0.0369177274406
-0.103446178138
0.166306838393
-0.117567591369
-0.0363750383258
-0.14025388658
-0.019004335627
0.00453737657517
-0.0637627616525
0.119644127786
0.101901955903
0.00719418702647
-0.146591201425
0.0110631994903
-0.0304253082722
0.0356197208166
-0.0144112659618
0.140112310648
0.0331511087716
-0.0114920353517
0.0923005715013
0.0536674484611
-0.0311163123697
-0.023950656876
-0.0739477053285
-0.0714129433036
0.032718360424
0.0813695341349
0.107628829777
-0.109010457993
0.00475969118997
-0.0806288570166
0.060829654336
0.158346414566
0.0475474782288
0.00119087973144
0.0246672108769
-0.0186503529549
-0.10558308661
-0.00954233389348
-0.0533275566995
-0.0364997722208
-0.0481111370027
-0.0567019805312
0.0679531022906
-0.0474802665412
-0.149535223842
0.107536919415
-0.0593232102692
-0.073857396841
0.116265051067
0.0734286382794
0.00341395731084
-0.0435445606709
-0.0440647304058
0.0842651054263
0.0868787243962
-0.0221088714898
-0.0791008323431
-0.061638019979
-0.0783300101757
0.0380268059671
0.0755246058106
-0.149260863662
0.00767581397668
0.0124125983566
0.0733863115311
-0.0588880628347
0.0221176277846
-0.00182998785749
0.166628420353
0.00996302720159
-0.0179836265743
-0.0558409318328
-0.0903699696064
-0.0881623700261
0.0589814595878
-0.155310809612
-0.0352721698582
-0.0133741525933
-0.0515356473625
0.0888519510627
0.0682190433145
-0.0401647128165
0.051544085145
-0.0580475628376
-0.064508639276
-0.0910971090198
0.0255359765142
0.160914897919
0.0259316526353
-0.0371578969061
0.113978087902
-0.0223598591983
0.0767544433475
-0.162501975894
-0.0642673075199
-0.0831140652299
-0.0483562722802
-0.0971850901842
-0.102419063449
0.190117284656
0.141751855612
-0.0119919525459
-0.0874955505133
0.0968644618988
0.0351846180856
-0.0165866464376
0.0131470635533
-0.0241479184479
-0.0176382455975
-0.014168751426
0.0273596588522
-0.149451717734
-0.144962623715
-0.00831732153893
-0.027249628678
-0.0490345731378
-0.134636089206
-0.0235635433346
-0.0540840178728
-0.103537298739
0.00505409715697
0.00458966242149
0.0210229568183
0.0300710666925
0.0487994924188
-0.0454344637692
0.00151984905824
-0.0967264398932
0.0418901778758
-0.0493410713971
-0.00765447597951
0.0671753957868
-0.0822420939803
-0.0334498360753
-0.0283449199051
0.125346601009
-0.0116670159623
-0.0396848805249
-0.0178198441863
-0.164887204766
0.11125677079
-0.00462249666452
-0.0744995847344
0.110281676054
0.0946719571948
0.102247275412
0.0125819221139
0.0200641974807
0.142900004983
-0.121790722013
0.0247021708637
-0.0916071683168
-0.0205669887364
-0.176643446088
0.0299126170576
-0.00896239932626
0.0377355217934
0.0573108457029
-0.0606709942222
-0.1238424927
0.134017765522
-0.105089493096
0.0790645703673
0.0189509484917
-0.128574848175
0.00048945780145
-0.0535271838307
-0.101848565042
0.0491677001119
-0.149837985635
-0.0329931378365
-0.0470522306859
0.036480024457
0.0371091254056
-0.0666164308786
0.0560783483088
-0.0886349305511
0.0610276833177
-0.0640519037843
0.0732639729977
-0.132145509124
0.0168742313981
0.14568208158
-0.113172873855
0.0797224640846
-0.1233304739
-0.0514865703881
-0.0402831882238
0.0497153550386
-0.140731453896
0.0870767757297
-0.0527333393693
-0.0832146331668
-0.0419492460787
-0.0682773143053
-0.0731361061335
0.0600207932293
-0.110473364592
-0.0128430472687
-0.00510799419135
0.0306001901627
0.0469953119755
0.0474229678512
-0.0234975293279
0.0915438532829
-0.0073397513479
-0.0532620362937
0.0166779700667
-0.0237721428275
0.125803336501
-0.10237070173
0.00380302942358
-0.116103313863
-0.0430210158229
0.00193246139679
0.0697496086359
-0.040038831532
-0.0136353224516
0.0158691629767
0.0264602228999
0.132192581892
-0.00109997799154
-0.087942712009
-0.0683832913637
0.103839688003
0.0395621657372
0.0980029255152
0.0893124714494
-0.0220607127994
0.00240202434361
0.0826033502817
-0.0304982978851
-0.0157030019909
-0.0311193056405
-0.0623006932437
0.00967364478856
-0.0642624348402
0.0165380835533
-0.0172498263419
0.0911020115018
-0.0853837504983
0.0620279610157
0.0527737177908
0.0714762285352
0.140270546079
0.0136754717678
-0.042559184134
0.128810316324
-0.0120056737214
0.111181624234
-0.173062667251
-0.140971437097
0.0328236706555
-0.0324693880975
0.0330776050687
-0.127947792411
-0.171916753054
0.0116770816967
0.0183692667633
0.0627068802714
-0.145570740104
0.114788211882
-0.0888517796993
-0.0316069573164
0.0289187338203
-0.000762642826885
0.038415953517
-0.027255885303
-0.0120412781835
-0.0441585592926
-0.0206921156496
0.185471996665
-0.0619382821023
0.223165005445
0.10178206116
0.0139880236238
-0.121890038252
0.0281161051244
-0.0267906282097
0.0992207676172
-0.0179201383144
0.0167089123279
-0.0258553996682
-0.0363786630332
-0.0580249615014
-0.116198584437
-0.0732746049762
-0.0477133765817
-0.0349322780967
0.100831501186
-0.0168066229671
-0.0914902538061
0.0206853747368
-0.0378745608032
0.0316566303372
-0.0586389228702
0.0422269701958
0.0676532834768
-0.122133098543
-0.00783334486187
-0.00866814050823
-0.0643670558929
-0.165610283613
0.149163022637
0.113526619971
0.0175281669945
0.0278908405453
0.00526181049645
0.0364525578916
-0.0803294032812
0.0182332284749
-0.0152079062536
-0.164251759648
-0.080366641283
0.0574354082346
0.139800488949
-0.0790970176458
0.145410358906
0.127069696784
-0.120484985411
0.0446490645409
0.10907266289
0.140050932765
0.0488025136292
-0.0621425509453
-0.0414066947997
0.0419032238424
0.0201069582254
0.0701141133904
0.0892897099257
-0.0183061603457
0.0406978949904
-0.0288834497333
-0.0283691771328
0.0413213223219
0.034104719758
-0.12080938369
-0.018032502383
0.0362261943519
-0.00655472418293
0.0616523995996
-0.0166821349412
-0.0379824973643
-0.091359205544
0.0458256714046
-0.0651325657964
-0.0480613671243
-0.0133113432676
0.0369008667767
0.0335017703474
0.0178159568459
-0.0851778686047
-0.0327216014266
0.0801511779428
-0.00464907102287
-0.0265362374485
-0.0252257417887
0.146642774343
-0.0357093513012
-0.0372660160065
-0.0675770640373
-0.0641515851021
0.0221340805292
0.0525729060173
-0.0275062751025
-0.050870552659
0.052353516221
-0.160480752587
-0.075539842248
0.0599957928061
0.0535160675645
0.110875353217
0.118159346282
0.0594699606299
-0.0762440189719
0.0127167413011
-0.0701475515962
0.0171900689602
-0.0564936548471
-0.00459860637784
0.0212425794452
0.0578096359968
0.0344198979437
-0.0361515507102
0.128975600004
0.101520471275
0.0142685361207
-0.0572080388665
-0.0152127100155
-0.136244639754
-0.0706388577819
0.00214837607928
0.0600409656763
0.143771961331
-0.0331392325461
0.0280523188412
-0.0308879110962
0.0482785068452
0.0465951226652
-0.141805112362
-0.0162488669157
-0.136142328382
-0.00555964559317
-0.0133738825098
-0.0599039904773
0.0020203506574
0.0408180169761
0.0170820746571
-0.0564985722303
0.0638269260526
-0.0276370234787
0.0228763110936
-0.000178717338713
0.0377392023802
-0.0324138924479
-0.129362478852
0.0827576518059
-0.0664923414588
-0.0602734945714
-0.092164888978
0.0841711983085
-0.0544488020241
-0.0450239479542
-0.031113114208
0.0240642856807
-0.0282139312476
-0.0836593657732
-0.0709556415677
0.010632657446
0.0514047667384
0.0309548918158
-0.0429672077298
0.056790124625
0.0373576916754
-0.0383803620934
-0.0557266362011
0.0656601116061
-0.0428498275578
-0.0143329463899
-0.222257450223
0.090427801013
0.0668693333864
0.0618209838867
0.130862891674
0.118111908436
-0.119135566056
0.182229369879
0.00969386287034
-0.0530552528799
-0.13170824945
0.0165322124958
-0.037875007838
-0.0614497549832
-0.00200460501947
-0.0934998616576
-0.108878411353
0.0228361152112
-0.0300807785243
-0.0898801237345
-0.040785100311
-0.128423407674
0.0350832790136
-0.197008237243
-0.079728230834
0.104265384376
-0.0900070443749
0.165910393
0.092722132802
0.0894257500768
0.0249803718179
-0.0286875963211
-0.0265251621604
-0.0232430137694
-0.0449588932097
0.0156846269965
-0.0184377767146
0.183603033423
-0.227395758033
0.130738705397
0.0674842894077
0.00597944436595
-0.0544922910631
0.0699586495757
-0.0877604037523
-0.0257510412484
-0.145778745413
-0.108022473752
0.0201581399888
-0.0241632778198
-0.0390920862556
0.0634726285934
-0.0249254889786
-0.0161058567464
-0.122274242342
-0.138509824872
-0.0416256077588
-0.00715962518007
-0.231022238731
-0.144402101636
-0.037424210459
-0.135941967368
-0.132180958986
0.0835026055574
-0.050592917949
-0.174674868584
-0.0358019843698
-0.045308906585
-0.0319701954722
-0.0122874220833
-0.0807036086917
-0.105776540935
0.060480967164
0.0631532594562
0.0278921406716
0.0668029338121
0.100351430476
0.0713475868106
0.167800188065
-0.0580725111067
0.0681643486023
-0.135673910379
-0.0708258450031
0.109834164381
0.0452929660678
0.0512745194137
0.142666995525
0.158151805401
0.0569563880563
0.0537106543779
-0.0799837261438
-0.0656462907791
-0.00126502790954
-0.0436077453196
-0.0895696431398
0.0774615854025
-0.0687203481793
-0.0703757628798
-0.0477405004203
0.0940579026937
-0.00914116669446
-0.0263225696981
0.0614613965154
-0.0199207291007
0.0533808618784
-0.0183959566057
-0.014219311066
0.0162075869739
-0.034184422344
-0.0980982258916
0.141205877066
-0.139112740755
-0.0389690771699
-0.0795070156455
0.0585413090885
0.0254488550127
0.0385501347482
-0.02246007137
0.152499124408
0.0589557401836
0.0900378972292
-0.0652907937765
-0.0269144903868
0.0795985907316
0.053741581738
-0.209207028151
-0.0426294058561
-0.00383844133466
0.0751640200615
-0.0366641283035
0.0608561560512
-0.0748906582594
0.074340082705
-0.159005358815
0.0223332308233
0.0685460940003
-0.0274837613106
-0.0449861772358
0.0377845466137
0.0209628697485
0.128338947892
-0.0896556153893
-0.0161662269384
-0.0323825776577
0.193395882845
-0.0395495072007
-0.0291783697903
-0.0387676097453
0.0667913928628
-0.16642165184
-0.128484398127
0.032640978694
-0.070211738348
0.035475704819
0.0919549018145
0.0632532462478
0.105653300881
-0.0321863032877
0.0187239889055
0.142249822617
0.0518433712423
-0.00367310876027
-0.0396316051483
-0.0478148162365
-0.11338763684
-0.0693741291761
0.0438251420856
-0.0176630206406
-0.0596704035997
-0.0436169542372
0.0122200604528
0.0683791190386
0.076836809516
-0.0578532665968
0.00387484952807
-0.0343755818903
-0.0340654216707
-0.101763769984
-0.0531611926854
0.0391964502633
-0.0980186387897
0.00295199011452
-0.00862324610353
-0.066963404417
0.0338009856641
-0.0155403865501
-0.0908356979489
0.0664939880371
0.139279156923
-0.126231193542
0.00929162837565
-0.00378128234297
0.0670910403132
-0.0802524909377
-0.145033404231
0.0257430430502
0.0324459448457
-0.0807701125741
-0.0406179390848
-0.122588418424
0.102800674736
-0.0319105572999
-0.045581586659
0.091560035944
-0.0182688888162
0.0576680526137
-0.0914897322655
0.0663644522429
0.00618659239262
-0.129005357623
-0.0807334557176
-0.105599798262
0.0151287447661
0.00617366330698
-0.0249370709062
-0.0802649483085
-0.0528014488518
0.0202819164842
-0.0426624268293
0.0116785466671
0.00180509337224
-0.0808259174228
0.172180727124
0.152283489704
-0.0461712442338
0.0285002905875
0.00731599749997
0.118651330471
-0.109769329429
0.0202016420662
0.0634988024831
0.0986937358975
-0.0699475333095
0.0924632996321
0.0632025822997
0.103948004544
-0.0763715356588
0.236349895597
-0.11544945091
0.0201493557543
0.00455109030008
-0.0626578256488
0.0880018845201
-0.115080334246
-0.00992932450026
-0.0389555618167
-0.0647412538528
-0.139631658792
